20
2630.165630396899 2743.9713995231473
2576.659892716958 8087.710527076206
6777.152794683386 6890.374592033694
8086.5857662164435 8561.887091400813
4954.9679046286055 1815.2183192253945
3456.1749394620288 480.8374728998144
5959.744255766407 6796.462953945789
1478.8208256298342 5335.212266983125
9455.014260052134 4123.84332625277
2702.5604207823094 2000.1448911475238
4216.287665638142 4799.0980092958
432.13030755009817 5941.626202513893
377.88234729541625 6038.937040486098
756.5896628345726 7139.316283412308
3303.7067553002476 798.4152004751866
7991.430203784034 4404.142704449284
5775.180070002915 1226.2203925180438
308.990842646395 3692.521919716517
6928.147307734678 4624.569628645588
6603.205165203036 4406.817060133593
