2300
9074.170497059704 1130.3832294071558
6836.118194647242 2131.00047654617
5001.892509588443 1887.1304371247056
8487.95140325597 618.34887443592
1382.1680131770486 3059.9468026905206
2379.682262710261 6994.855130898195
4357.40120303616 3381.388462740761
9813.538222482173 3789.687258569585
727.6530498421563 4420.515090174376
84.62088694440206 4838.52946923205
7092.844291066756 6321.295308215857
8939.88948305187 7049.544350491054
3475.1406713528454 1595.2743728488228
6265.702431660298 2456.5441836020727
5168.555762030754 1475.2809330897542
3359.9627208102643 8657.514632385119
7117.065549539784 1000.0245676536324
4896.095360263464 9092.35687999857
5407.668446124263 2992.902092851305
3552.929676107457 6029.8155911676085
3210.010716488556 8217.70665895607
6939.666865771953 3009.464802977927
2657.5325835513695 7156.919807766312
7125.994398728408 2385.2049803132145
3258.046640083614 3727.8648298455532
124.28263680660633 9692.594095080072
4707.90964889736 894.2463576139736
1146.3938189813205 6154.379619880908
9333.892155241127 7616.976299960294
8862.581994168138 6149.501843037023
363.54331327421943 5376.3200180703825
5003.3309359976365 7856.655191197319
7093.318110759324 979.7909911880231
1361.6916769548238 4669.1591917288315
731.1639640927215 7626.600531526223
7800.183317442443 8398.966284048554
4300.852334776426 8391.675766056533
824.4837351370504 1267.6179426606438
3147.8897808266424 293.2896062904833
3271.7155243101047 2993.2799234455965
625.4603068702214 6787.030950590224
3230.0247073096566 654.2841018475087
965.7317648320774 3378.30702863697
5289.63054931379 5610.034320966166
1204.1248705857543 8643.335711560556
9756.83638606427 7139.336766616759
4824.521245392033 6286.159289790144
5359.120247081211 4561.557588016024
7623.286680493494 3688.768058683275
1661.9222863592286 1689.018325230557
1624.58577022228 8569.103337205297
8734.14819213304 8164.4294659129655
6487.382714920282 7116.937439499067
1407.4809295372393 9111.76957232322
1439.7418852298583 5085.1553658108405
9645.613241095874 3624.563469241483
8002.4024590789 1137.8285158114543
4629.441838363261 6176.140911762332
5932.5908056250555 645.5835940421128
7396.663412592012 847.8639430948065
3804.063742573589 910.2926642662156
8918.486313282378 7411.1636420456225
7117.37183740891 9501.495459571537
1981.6423886612645 8.667926155695449
5366.608513907799 1411.9733857577733
8776.074643077689 27.29111259944905
2557.248183064655 6923.131518058701
3263.6807104768427 9986.879927567341
7075.27760786903 9225.262262953776
8146.585108344164 5746.856624049704
9360.466135655392 525.59335742556
4705.292731044386 5005.657790935684
1352.834328668231 5489.969674656473
6201.470380992171 8211.20368521998
6429.850536786712 2738.9790966842143
7816.462089679607 7721.033987897239
6449.703505138179 5316.281941326452
7190.927486910241 4730.2646679252875
7670.734579035119 1352.3601254392993
9179.37722686604 6265.384335822383
6667.697610181825 2889.6885903033485
2291.3576105761767 8426.946927502007
3348.026776523135 1662.726384161408
3791.1932939679195 2035.7977566457953
5991.113300626646 8327.446979663706
9089.22471219235 9616.060853225272
7017.628443318849 6037.06004688734
6408.773645488866 9084.598988995747
1626.8674689658924 3118.434436302583
6547.900871546894 1642.3869194087858
5735.7222925689375 2208.6279277313038
5300.47836781689 994.2377639717758
311.9131373138839 6597.293398542561
592.5582571530275 8714.999472066589
5594.878663627195 1367.9487987298533
3584.9591897011646 5386.076791511171
1373.6562526176444 5366.02047467981
4361.944310696052 6123.7953762889265
9513.451786555344 804.4847637877373
7922.094004862724 2490.456237267782
5508.356253304084 8364.674894974187
8550.078760511045 9357.597654431069
7080.014815848378 1190.9777283011636
4138.188180210966 9180.483397494998
1157.9249446190609 3593.8883919058353
3656.3183071032236 4983.581497870908
1566.8405308995482 9965.615322674697
4357.388370065084 9795.140884394534
4779.743887078334 5567.017821010488
1920.3410046948854 238.8571536057793
8559.817380105767 5716.242771124394
6298.138254134063 836.571477031024
4289.0753652628555 6037.714999187414
3866.096273370371 1616.9969150260754
5694.149188103242 4427.166602003798
7076.918887899355 8091.033532224316
4548.955794520406 2978.9460303620217
1879.9830904593905 4211.374880823854
5050.28172779913 4524.522456222945
9197.615956648402 1340.2066818069336
8360.52643464016 5938.766889953129
8756.545311804894 7478.701278068644
3187.6517517361867 3316.5589178941477
9342.691091242017 402.05719469888936
9962.439147379328 3294.596463319034
5704.822350485338 4224.253569034856
8193.716642151965 3976.01406855412
5494.946517109004 5305.744580809715
7193.706790198901 675.3377023827611
8843.481993037538 7870.98542316142
3549.6420448403655 8891.13016830254
3425.14125358381 6219.569830985801
4974.016462558136 950.3441579183113
9580.6272857247 1742.8692239980226
619.2664629409605 7680.518148760381
8852.893653832543 5536.004674152735
4422.508436099527 5618.6087783781595
3877.71328538829 9596.103889201451
472.5814205223355 5837.974213953873
147.77370007282408 7508.995454610637
8018.743070505327 2853.9390655959664
852.0478229550865 5941.849732966584
4201.279664771623 1821.23924914097
6854.921243074616 9177.918214502537
4642.129883629939 1684.9192270784363
930.592526487224 5799.056148372882
6880.417686514965 7453.238506231997
9387.125692517837 8039.782721511188
6369.200770017297 3528.391692039615
7018.442268918506 7172.895696865872
2189.8964829561273 1787.0501187557386
6075.291498212654 4225.038702970713
1394.7637152108105 3864.087252988737
1311.1410976039394 7077.795866098509
5325.329688328057 3882.1258354812494
2624.1917134262317 9364.06615977797
1971.5634149633277 5106.075013288716
3543.547708486171 8472.982074146668
8820.698795221875 1847.5627595402223
9237.10493455159 7434.734374389032
1051.0245348340452 6436.0224002579125
5676.144992999205 2296.7561794396506
551.8373670733545 8991.62894986354
1465.302778836155 2145.633875408489
4963.340168296595 9421.836855991516
926.2153332822687 6101.921664233373
7038.677317849981 7578.9685720491225
3691.4196752291205 2903.146481850071
8892.97907914972 8409.138429077193
1899.5250985772284 5675.459736175241
4445.863128041181 3365.7584057978706
4537.516333430216 2752.065071241682
675.3285209498094 4444.999086814718
3890.0969090783256 9694.373920728232
2796.0389883868443 9244.49899594552
840.5996168662566 349.30129870312965
1329.8381137478077 2572.433856632276
9582.811854114327 611.1993847649788
7978.613287952815 4412.5697643258545
4229.659078454606 535.5376030026615
4294.947740527664 660.1361905852676
8853.663526172197 3840.420690103734
5157.165046931856 5986.325970246581
9840.131687811077 5518.474418220895
9386.574353864724 771.6391946576617
3628.042903203426 583.9000226739388
6966.835902553022 6901.977717611954
1382.0860066624352 9685.475777600113
6675.4977589277205 6418.299077231439
5234.498076687159 2736.7237726592075
4199.6812728872355 1272.0337653915126
2964.272806177001 1355.564818071473
2148.2718217803344 3026.7016030544546
9113.662098603203 5780.654857341077
5498.268957626925 8644.125921431712
8148.671253757553 3817.184734955521
4711.7645365356775 1453.1193223871353
7111.07153812405 9666.46889068129
9752.728251754648 4755.2015747573
2277.6051243110164 8788.215098292812
7958.400774649657 3998.115407122337
7087.864672215223 226.0265768313896
1289.3005935423962 8157.188243052561
22.595039831874164 5142.767705179148
1434.265520468826 9908.556509180851
948.9352851484889 3817.978101620063
3448.8378294540234 6647.652164607019
8413.308964172746 1128.7959464580456
5208.952708598184 3003.283593098336
2504.7774575285166 2893.248732347714
5122.0500994919075 5001.056757065945
3352.880361031115 9600.909876730027
6477.956420505695 8992.49245006749
2032.1619168393734 4663.550616443323
3169.4851246624544 3660.715006466153
9815.450554104576 6558.986945506038
5115.609086218117 6794.306448657532
1503.2531785767578 4043.6854852711135
7948.042055835987 5674.375099397105
5864.827316493285 9035.036270757955
3075.75924540764 569.465227845879
3205.282521414944 4531.141478991698
9080.592763345352 5914.529796170414
1608.6332902784607 6864.598791867018
474.3348700145844 4808.669191074987
4311.161944955492 7762.462038581918
3887.6849212137545 2854.3137025890996
8555.336773193565 4795.596784582913
7059.969285217034 1032.6023433329967
637.731040151941 683.6571132525993
1489.008883028683 3979.2754408363794
7936.143855583901 5028.405537683231
3925.1355108192565 7905.749911167117
2471.8467869686824 6961.462837790123
8480.192151480966 5596.290306458665
3198.4539341882323 2721.185669911518
1443.8874479955255 8575.442756844985
3111.503552793522 4424.675948902279
6835.377630631802 865.8494434426178
103.09683431867778 1627.749039714751
4085.381131300748 8303.083975961943
2619.5365463640883 4858.797118307515
4403.676336104004 274.1472190491434
5172.234762049058 7777.711601073066
1710.7990932431294 1229.8791813931798
5736.276607865414 6416.346417673295
341.57668310249244 3526.3125751174716
4792.334187020028 8479.626400198025
2350.8240397137015 3607.5134634184546
9090.660738671584 7343.702466875222
5897.7375455083065 2065.530745968426
9247.229652659613 2002.474766268355
1553.5712668336832 9093.993113174598
7005.313649235013 3819.7491490687275
8317.451111995333 1374.8647933033897
9380.654481909387 5728.04450462383
4928.811735027485 4472.508765235645
4879.30225636754 9836.261044397288
9457.106982535934 1979.2116234975376
8895.531786672567 2825.4632331782313
693.7231441582647 1599.9502026342184
6694.945071942548 8031.807964076986
5914.738412747694 3917.2642097226117
4495.619708877849 1417.1240566489384
1173.627050085465 1683.8953892786956
6031.162359405553 6131.487966336667
9005.616097159325 9797.081901338819
7120.105341925654 8890.271238854672
4977.262237500686 7979.894605567945
4845.277161704813 3236.8472568256957
9390.76783606693 4385.58530471605
6997.674770890682 1609.0618889990249
6899.93827418457 4891.49183669479
7541.348892904179 7426.1296628590935
9639.890692102435 559.0096094997643
3300.815968233837 2210.3714777969053
3757.9378931858796 8330.191427318738
2186.5373855423863 3448.712692326463
9445.993609523895 7416.075481931883
2775.778190208329 6368.580471952842
1368.2624023890598 5490.541378879169
6440.234670393587 3105.3242583547635
893.0025368864625 5892.094247217219
2854.7677156856766 5634.8677595709105
6984.54045812095 3387.609973182932
3832.4471537757354 4819.547405825527
6920.849571868594 7367.96361442773
7031.79741639657 466.2806503405659
9027.359016018692 166.9125071679711
5039.446471199926 7265.019071702455
2440.3072412396264 1996.4248146551622
446.9455840582559 8677.019119573279
5501.225512246344 717.927390323132
8019.992250532315 5786.770314653518
67.16695347280366 4140.489742704935
8420.38721781664 2036.0391283567758
9620.117630335051 4502.42723222224
8074.7577807913685 4497.83223832599
4838.0957071413895 1142.6719430630205
6230.356353019203 2873.4511961936205
7669.22512592412 6153.386488119556
7971.815716991026 3230.9120641627187
7972.440536239148 494.79613259163057
396.32183865574433 944.053827548903
8497.36464344323 3429.2344970260947
5911.649904073154 895.3250502615462
957.6652508757188 9625.489447423151
1734.7607571155754 3658.368230001563
8552.434268722498 8871.63128830079
1468.7905240361476 2012.0894140576784
3479.9864287708892 2423.0389418884824
2638.0219454850217 6599.7609430387365
666.0010815678297 98.30706275373858
4260.505393081213 7449.528959536633
7175.139694511675 9214.00885161289
9306.33402610553 3600.4795215512554
9520.240417917346 9029.455286913995
5272.278627735417 7205.852906910616
6487.872728762559 3470.377461838766
2376.2206824866803 2704.8866526657102
1813.9840176294408 680.9559082941053
4358.112361544783 2529.9789403552895
7758.817601044232 3189.4761752580093
209.62740532616152 5537.871845482084
2452.2399732148283 8975.86106136758
6926.734470139299 7020.463967213619
815.5077078038142 744.5279178147091
4999.759193784079 8107.413637885067
9533.250995026028 8219.507940582202
8386.314914024002 6798.799410447383
1536.646142132423 6917.201153765972
6697.458670311306 545.6119118454405
3131.793572213253 522.8352359662192
5625.3757045521725 7879.011473271536
2266.91819330311 5911.710121132814
9813.16432383766 6135.50888078907
8185.921927612213 2378.8592436922995
6831.482263021828 8161.2906265826505
1867.8166651808049 8130.699328039813
7620.851861334261 5832.877091445661
8877.796559155964 8277.278643216288
7292.443621176408 1871.826367771725
6777.41362662853 7596.763775359505
2353.422039032207 507.07684458970334
352.7617902332336 4009.490012200907
9218.570638350637 542.049440222887
6414.678181706952 8900.725931359259
562.0585502778231 5606.127554494702
5426.971485737958 999.0942852460382
7640.2198573756605 1823.3060105579168
3367.5729373321005 3884.885149692313
3364.7406972823223 409.72072306079576
5194.483813152379 4678.036206140138
9907.3834954119 4673.636813411383
1469.993387089522 4014.3417900890945
9883.35986429484 1866.147013413697
7835.142857064863 2882.067140097474
1567.2159954752674 5045.4279243312
2069.8232119666404 9787.168798459166
4747.10815651469 865.3203012724553
6898.781534771955 825.8374057260254
7955.369680545616 970.9443298279219
7893.606131241549 3675.8402775944833
5919.751835599955 8179.340142970848
2048.6537831955598 1292.2343011441794
9908.938288306179 7541.581755307159
527.7361728869822 3385.9196538835467
649.5918373297394 8276.918611167463
648.0325974439993 3865.3579326962963
9328.751200271263 6841.302702548389
8111.513033626288 6243.849424171265
390.8120467146559 7656.296058176525
6924.962746102021 9207.472576122796
3579.600074938597 1556.7232704259327
6207.059280649391 7855.433415705735
3592.919334031809 7753.978424387455
9495.276011525832 3021.404673768929
6810.921594695294 4462.77360684684
814.0275454507062 8687.200967719724
6913.339787374311 3186.224203702458
2382.2642626111146 5570.461830001449
3033.569978564037 5234.709058670422
9433.096747766078 6633.689986874512
7871.115691096165 2302.2180122212167
2564.3985523702704 8375.944620780763
6465.284729900624 5062.804198326976
860.5511231162111 3170.923849466831
461.539970188215 6821.789373748334
5676.3201050174275 2408.4743995073854
5617.422335930088 5425.955738910653
5571.902907703333 9943.87810953931
2691.094084762173 1296.3866655606248
2026.4646906049234 9834.95655342592
10.099424600896745 1576.8797270737512
8351.162652941823 1244.9468143819108
8988.992927109186 1428.3359930333684
6217.085402552405 6892.2752420538645
9327.850564094699 3521.8797826087957
863.3191853084332 1875.6757848281013
3723.1495256813796 3225.9654121733784
781.59174032703 6118.522582985632
8833.88846078761 1857.0601551466505
9651.504476726826 8918.045547082364
8704.87023301138 874.4436812797785
152.10060859723652 3046.498394676347
824.8874919562599 1572.237632132606
1577.680727358084 5232.363314998669
2681.736961442116 6958.512642196204
7923.929052462985 8910.53174563646
2021.0754997527758 2049.729317171034
8810.83787369878 2996.4830545510335
8638.964790607577 5288.9900592310105
2363.8097746567223 6940.716728398192
5316.031714261098 6571.948426236677
3856.231184616904 1651.9152383280434
2968.6788288181488 4706.412480278815
3798.2715159430413 8526.952603646503
7155.430041694306 5623.1796930871205
3876.7994521284254 3872.570246948609
1637.3606696408372 885.5958212913795
265.21711286178197 7240.158017888538
1225.8766197957639 108.5584183567323
9506.108070562725 960.3559214836177
1314.9057986032553 6434.5155788291395
17.51097126863721 3232.298348168089
9747.729591987825 2589.481706595017
2060.3424093245626 9627.541834915457
9281.156029900025 7684.921709225995
581.3843551949216 317.56959594470334
579.7547613457133 3876.694258763006
9514.36768973792 9065.853012353771
6774.6401976480975 2403.894020932408
7946.935971939819 8586.281495995381
8199.435039064283 1514.3325854387247
8942.651265227354 5213.235580935881
536.8221335307032 8521.593449144535
6396.967867072419 5615.90699662632
9611.722457100148 5947.54927115765
1527.523102615962 3895.8506433701723
9992.362566941554 4975.835136276856
3999.8161103901784 7442.0013578601975
377.5818182555457 9193.184228113369
6803.226475113817 8711.101455686241
839.4303053054408 778.2630730972439
9340.859211443943 1646.1418450410993
9408.798841273418 9901.535651000895
9443.21937929065 8496.878913859673
2914.6901822384043 4030.02742257208
1498.2990998779699 300.6481232090363
3280.526262218798 2685.9478155570882
6168.9882094626155 9155.617120304769
5565.592171976802 5442.651673802914
8475.90373640326 632.3272713202998
9758.070576201115 5717.308021288522
5111.621450175169 8208.052330667651
6204.577860144582 2687.74917824202
9375.188278117728 3781.2114179711175
6470.674798744926 9798.563034959137
764.2263531949789 4898.596480884132
3348.4421211002723 5304.868958855981
4215.660215971223 9793.077727514463
9570.61794674045 9750.749608120284
4229.361101008757 9782.277093206576
8423.24651447526 6185.480999217846
8203.754778955376 8914.933664059927
8762.791341521995 6217.468755101428
7503.418677736615 7324.738228668296
1356.302436476574 9530.828994328578
9754.31315411075 4471.564864383399
3910.1058741563843 1218.1115631211237
1880.560241518463 7029.995900702453
5085.469179982431 7431.725548547858
5083.385510372602 2732.650014519803
4045.4337809655294 5434.863847904008
7472.5708581808585 1499.3946813976765
1307.265403200293 9264.131398737147
2325.9882428584124 9232.775588442695
1586.576990284625 7028.403204502528
2767.9318576365254 4326.865406281315
9666.269471567186 7245.741335917898
1538.1907166579379 9888.633715820994
2294.861000998951 7430.881179513418
6152.54937244681 3033.996131065778
7148.149743449974 3865.3192032116513
7237.3751407560885 835.939769618188
5372.445716212616 8720.429389426588
3483.7728171778335 8347.214337354713
2315.1263582662773 6195.235845284914
2957.2766179193645 6981.8625871722425
148.8731680771016 3081.890638777225
2856.648961131714 3378.853037825034
4063.4338269257632 9232.708256288819
4341.978431823656 3515.4937096257822
7860.215632882989 8403.803080918105
4768.261586358363 3027.0793900448566
5674.144890567762 9910.180798304638
7710.317471651179 4956.3047816455155
543.8948051535142 9438.109212247507
6782.447406355263 3747.0215628414617
521.7140270739673 8288.829628527981
3502.4406452564695 1533.4442936107384
4209.587409529082 4212.6398169948225
9591.913491624819 4406.870187217214
8395.918787266279 2052.3502953758634
8185.593360865544 5809.272866358386
9349.458204810393 9606.14932739241
3619.147683294781 6228.3424125825495
2844.1077802284044 1583.9860010203877
3466.855402794384 723.2954783057377
4659.070610316222 7749.116105216335
7184.339769571635 9817.796939873753
2205.4183726898314 751.703242868027
1569.5154616192942 7926.093804924725
9028.178284564534 7359.075173719037
3049.219500074127 9314.050015830933
7360.825299548853 320.32167842386383
1448.1844389591658 6885.262916314653
7837.76375257131 1256.1479388347607
9078.392437278397 5823.9796623794045
9746.07206494672 6733.872374717572
125.04292808659501 8597.863503578568
8209.285258481874 9213.177878332455
2656.114023279319 697.4982426199794
3263.546000813402 9864.744936791287
7247.688400644983 8364.813099034702
8387.434963453125 3982.560792272847
6347.783796043387 6719.5590268860415
4345.723651559584 1386.611675534466
2573.7228751732787 9805.874419850123
2617.113588698603 343.49234148449483
9975.66371825814 5632.201130499195
67.39161865271237 8869.907114843645
551.1895903215302 4273.356464578725
6071.538141054685 3337.9841552739076
4458.725323521353 2220.175063324599
3357.136370284065 9131.218066334708
518.7697508465061 1066.5009893957122
2285.7715199714703 8383.813865000471
1186.5606792760063 5712.164261249516
9283.118369822498 379.67028179880623
1188.9557915372973 5748.123109894601
7079.349836245704 7607.85610364355
9440.680271981008 4636.2204226686035
6119.448338299586 515.2976751681126
2061.2819542795946 3690.591781299407
2415.370650720565 6760.541125279813
5930.661512706317 3203.4653496215537
4768.433547138989 983.3651431440227
8411.66823137747 4358.464717178916
2323.0518727500194 7782.281702814899
4282.58732501367 2642.6916432199523
5792.837568472344 4983.507410126299
5276.787099944108 7030.241514922517
3533.4814450001127 7098.805049003674
8535.621392264582 2203.8939145363765
710.2704164790463 1760.769856995219
7620.472698874232 5372.524742337984
5824.486496591936 2228.815399805769
4398.527031911016 2524.7028557817307
6589.49541528999 6934.0179280798575
6051.20730946051 5431.351687600399
3073.0628565721563 4708.026920393003
8065.462302064211 5545.430134628275
2214.0113216270474 9153.785774004748
6079.003922106025 1286.97103186575
6589.227363479847 4396.227362366627
512.4061839273364 4673.0462219426745
3017.587971137975 3498.8695730332097
2576.2848399621575 859.0801014838056
7255.890216236818 5663.322990794696
6022.582273774402 7098.693889526317
158.62439813101093 7092.906641235144
7254.868537016006 3413.112696982926
9557.257289492063 2935.1709245886227
5876.487511264049 7202.532976707238
1670.9381235954722 6381.22455287597
4678.458743391972 4213.643320802739
4552.208975939482 4587.421064960793
1594.6675116945942 1939.2776151258306
2770.2627231789656 7716.381252743848
8412.969546437893 8408.931920837123
8832.73331250983 6617.438627270176
4236.619391912055 6829.307421099567
4435.325160344162 4688.1403330499315
6776.68137511841 7727.330428750258
2691.19987571506 2404.128608772039
5151.212105116101 1996.8381109687195
8825.49357063065 1348.1635141013082
3548.097707962179 2928.618550662251
9210.15471190281 7470.352113932627
9897.66789458781 5820.644655652664
1148.7068516679078 3366.2355928053435
1080.776278351855 2155.7039845073355
2515.3074864614546 6515.085013501385
7344.923843063524 6238.4738375776915
9262.488256867251 650.0356855730039
533.2956644948262 9537.4719283018
1672.9127253592135 6161.323146283575
1856.0908934540987 1249.0610868720298
4665.359709115636 3907.6950117549914
8061.5461592154925 5441.730267497929
2432.5916614697253 6497.84401825316
8193.99223861868 8990.914111696808
8163.489537656668 3492.8788447377833
9509.404036402151 6783.5015891333305
6250.863811117983 334.37720601503077
3372.7210756100644 2627.736705786995
2703.7552312817324 9850.615799932748
7528.403357443216 8562.23380610079
9055.432674387597 3545.077751006909
7690.19143710644 8038.112027643791
8662.72532808817 9413.337589514746
5102.179382450773 1014.9074081629783
2031.1052005176477 1050.5079846747967
9585.509074946316 8593.755674646525
9521.96241461928 3395.673112707116
4868.72505040751 1171.8706181836892
1247.5873211130329 6034.4855092942225
463.6750406560186 819.628462274905
9139.22684245318 7299.845474241598
1351.8867971599457 9188.861952586112
5016.310326028683 736.921715968809
7418.5041208805915 6880.063601612147
5095.642037130722 2789.5517380391098
6252.093738743642 8875.5768091374
7096.237025692972 6707.302046120337
4271.958518000476 6814.872893761282
6321.67698533179 3131.7110011412983
3202.6142722880845 82.14633669514248
3473.7898094315824 3445.8023346388854
7134.598942167606 6815.786130981636
2716.892558793088 8080.397939311977
5710.970512111261 149.3790922385929
2340.1893947305375 1555.6285743498743
6388.489944922951 2230.7636423382382
6215.342963438289 2570.708092726618
308.88474475256555 7087.827333137314
2077.4397214081587 9272.707400727
1790.4852130398463 4129.921627534243
3654.1364706705494 7553.220745870481
1361.1566591585633 9899.318087729827
4673.840533142084 2929.878594006232
5118.97780743046 11.530078954211653
8458.727366395724 2611.1664563637128
7013.395673091159 8984.26400025348
4392.559537795866 5591.11381972282
3205.985401798458 8470.66701209704
9268.855544920842 2120.9183920008336
7743.163713934171 7573.665397054669
9258.837860520298 3302.8606455780327
2118.7784413506615 248.22607198544677
9143.898832401748 1126.1538289966966
4097.593571273107 2967.2310443974816
8730.55716976119 8539.620055498426
2184.2756948776123 9812.605738047672
7986.162993613048 2190.7256443366264
9176.66513160051 8189.049150674127
6122.498414804468 3106.848490784071
222.85478555612139 8495.760113088309
5772.538909651866 6646.753819313069
3425.0710075108404 3844.087824220981
5133.551522664545 547.7360046779511
5292.2708754861505 6640.305075457703
8431.760077311215 9331.441213682425
5833.73951712608 9831.541612674231
1193.3120917829133 298.52199959201744
875.7461601048288 7542.163927908002
9958.623317529074 9830.066985390094
1012.92685817714 4568.0048839903975
3278.0214982681487 3784.351284436285
462.4193256111986 6775.507738864592
7800.459034381605 5492.358808601325
2555.528839471596 9984.203960031138
875.0407990225173 837.8090820832617
7431.964128242027 5556.730478464222
8885.076653270728 691.9095252700924
8501.462473086773 7454.647392268304
1251.8489881971739 9130.210360842797
2428.4720216685087 5285.859023285365
669.6973415726304 9541.525070741878
2776.160531744265 694.7966884465184
2291.817861207075 6394.801748174635
794.0561764208121 7960.529844816347
8935.379622906037 6125.987536573661
350.2507131368138 845.2707384983981
2502.356061182798 9798.505812972147
7784.969694805222 2313.448545907424
3463.5096053728676 5308.140332441273
2166.239798102519 1628.8304385210106
7855.136430086418 8074.450372515237
215.2018926749444 4111.829689417587
3886.381012592761 8037.977566582253
9066.99986472127 986.1809199409022
1334.3396114052796 4547.261643081289
8683.237180742331 7974.661220999076
9300.531871457875 6417.53160869617
3195.504363493152 5396.615160144065
7403.7364073474655 6829.271339299612
1661.3922450081031 2352.3314916952986
1830.9668014404401 8678.816589851645
6179.817855680526 8075.651268166638
9150.02772307697 5859.969292321399
401.296343432781 2471.43718417534
6269.244774459687 4528.2024703076795
6941.4052560966475 3357.4612972455475
8664.368674911253 4814.5512466833
7755.167411835177 8726.41195064836
7768.5364222308235 4869.1632628939315
1980.5226384234898 7176.513055494086
6107.387177000872 9485.097109425253
6201.601625134381 8063.987026808453
2671.8997344372774 3081.643809452611
895.4290688078903 1537.4501823076125
1484.0161321365442 599.720372433843
9630.770060918821 993.1922064265764
740.0909532495825 5422.52425090194
3145.71795269725 3127.7408656143634
8287.426208002147 1214.1417833042633
2712.9806003815524 5631.657410024672
5207.481367811803 2496.520700575511
2039.3247244919332 1629.5315429444124
1195.3359616053938 6770.786145197007
3708.7976920070996 2635.8895280181728
9254.773776810785 9875.783719618565
75.57018996227627 9253.10086944006
7066.706753861274 3810.966140629214
3823.0725464045636 8067.940537078261
298.9419552019412 9409.10874566301
1361.0772128377037 7935.954076780878
8429.159385754912 1309.7843336923854
7427.98354895442 8430.812264443255
4286.160211527616 7967.471486053307
4774.517649575364 1983.8486074118712
5962.2222871849335 6644.835308940994
8010.376763349523 8974.601534664242
1319.4588784138862 5621.00686191253
8404.424490303889 9880.587070562717
5308.636174171204 2829.382700988543
6431.221957950753 3526.6450557303697
6539.550066184143 1043.6072839664955
3833.138216018237 4593.251988052942
3736.9098212593253 1727.3271173606852
8588.65678845917 1873.212319479125
4962.912105281103 3888.5441699844237
9380.329879536655 5331.022895568332
1098.9179153529738 4880.858693408982
1274.41205313931 1423.644755906357
9240.00536536966 5586.43910204548
3544.823921646719 3730.58017198453
5288.611823855294 2980.909120688551
9202.07466181805 1636.0941664794416
3361.7425813536393 2772.7664662774664
2452.5809315993297 552.0726742876802
6033.150119252982 1265.4116435021413
272.94514514781486 3257.0973585098072
9279.059579544988 673.7299393933093
6021.802800915046 6280.384873972324
913.7707234589266 5380.954899424293
1986.19292421097 1198.4937901695969
6717.670643414211 4954.482213640243
4541.805465395065 3397.926481650774
2815.8207056019946 1453.5837874065317
474.54692859344004 2847.1680776857797
4978.952980784159 1562.0811272389624
5696.674172629408 9328.565613581251
6320.577102097727 2999.2724158249916
7721.006263542837 6182.418658474078
4173.231600201475 9082.130810207056
1675.9389862379426 2828.2134336447384
9510.979254773816 8779.05382594049
1129.630765100772 905.5798133462334
9332.893660783233 1460.44413713584
9083.778229390111 5003.689657103895
3445.1948840444393 7267.508571001738
6283.714487172185 4029.8727894555764
6808.064793991175 4660.804829008059
8515.633928260786 3180.3093699664155
9722.359352930136 1075.6399690975759
8351.119316736213 25.48840522047957
4583.621085710772 3024.3180387790635
9720.531878037567 217.51197946197954
7442.368643036251 8999.885792836885
5284.788782633448 4281.173763959991
9175.462602281994 49.03539058458417
1247.7743336403169 4286.180433131156
4653.848604053076 5119.900161160591
7053.831254051061 1454.4611590580348
6845.214167957102 5650.3542467298785
4154.472503835006 2104.7484816052643
4182.498241315461 1831.9209900895005
7868.65188091353 1948.2362619855164
9398.706521565675 6859.731633648681
766.7278375316788 3043.674565941894
1526.3964862931746 2152.4930265111707
8931.103066104597 4929.577625952827
6018.843281981412 3297.507786780817
343.3646709750005 2631.3317832124826
8838.208574026234 885.07468262772
8819.945767951123 8672.117289869004
3906.571325967588 724.760445111513
2945.936709307536 1066.567702532374
8132.283570197187 1512.3615458472595
4138.316920950511 6408.824983295509
7104.027847951487 978.1189881467956
5993.456883840018 2732.6856404721366
7402.945388979779 1735.4596720939762
5788.063071281227 2505.323033494913
730.1527144444253 3038.181676778301
1210.5016518900536 5060.493375002343
1512.8923738975798 8264.333908700919
3249.530847480241 7990.566741800137
8124.0294168158935 8488.467927552843
4756.93866500883 4257.830314244751
564.2989942416898 6755.354835792895
5324.582768187563 8695.031890785775
193.61403358550743 1561.654549692062
7547.80935711937 8750.227518137981
5328.572316742687 2231.997096847209
6586.932645142803 5106.710374438143
3423.2821760851793 2013.3853510941158
6551.343899650541 9386.987564786896
4892.806592040535 6452.291056994463
1486.275601151329 7373.862067848725
5814.213132720908 9015.984237965911
1304.8291924673583 1045.5801500557138
9616.082435428269 4469.078622678647
9640.43955626578 7446.203932264573
8508.602909224312 2587.6202596731955
7410.291686814273 8841.936090419009
5784.957703812293 2999.350538465327
9888.116195673501 9662.442059445608
2208.5016439386773 3537.1070844981455
2919.3783952372164 4116.138718834387
8119.029871117973 1808.7282519137405
4572.606672637549 6205.064823973584
2452.284042503704 4331.468849076623
1153.7103216188161 3202.2871595116285
3158.3902629354375 9884.162059485692
946.8776493604281 7679.536058478878
8308.968003362552 878.5997321972694
1509.8994605421224 492.7446487350562
8842.436548541731 1130.5376169032245
3825.8619460492137 9400.39570398642
4431.795893713801 6675.343381816216
2682.976556172173 7632.712231668016
4444.1385495386085 6508.500367625399
7341.220061003114 1123.4487431834862
4535.747041426969 5880.043010806027
8747.352433293801 8237.163567458023
3128.5000796898175 25.386151594531945
7778.721366397368 5769.519700968677
7969.447046339619 7036.4430538360075
2592.286516424257 2251.735362321758
2224.6339602157004 4805.3098785846305
3568.6060262292594 1710.4290169463277
103.21234701989756 1303.5727902762574
4725.747023679657 3455.677406014908
8386.560375038203 8524.8163881614
195.85609070535526 8335.442974155983
5274.535805079456 9848.768816583231
7554.846070487105 9784.213052828949
5616.101163828324 9540.86026631418
3787.26404132499 5956.96728080645
6796.785997901248 4758.4519595720285
5920.16927050452 1524.8910031489681
8331.911415297385 7084.399613836795
4123.891091825092 1170.5552954770449
8919.473761686068 4452.852560372004
364.55710307671916 3392.686553920794
2145.459086874645 4655.550392169949
6165.972419020844 5877.718555264016
9906.849706639636 4303.999106466771
6061.014821827212 4014.35003828676
9921.986613235164 7440.591955570535
6579.093176645982 6715.2482694008895
2652.9166591508024 6661.343120884392
1918.9707219808715 805.1358773972029
383.85312521378665 6996.226975684621
7131.029511126857 8642.425616591785
2597.2455682307136 4266.265420828823
7438.393965097254 3953.5419260777016
1370.1723598632009 6843.136767711043
975.1431765686291 5576.225867536169
5288.276151443039 5350.448379259742
6476.933023119504 5229.73103473208
9118.835667069585 3915.371578009459
3451.156314442455 7531.961836490427
8941.074661383196 4890.697220762104
8779.205299694191 7807.621017968956
1412.2017421082999 3916.8324581248016
2040.8963975511451 9608.38212632967
8383.475767264892 8684.867563291302
4038.2212207195103 9683.700968908783
6987.842906376285 8696.464104823304
4324.571617362563 1067.7277003822705
3609.239734342776 5567.4790197713155
7845.400304280806 2181.1293784039485
4982.176818622147 9993.922535864858
3129.0746411143423 5707.6517192387555
5098.0819996783985 2699.114746464533
9737.430747153683 6316.445857762182
1041.738090598986 7607.023766649749
4198.903539850168 5457.200714687666
4505.1210147391785 3555.257631394031
1470.2728530330878 8319.171418833603
7921.6698730305625 4083.3536674497673
6282.912097295382 5928.376513806824
6699.322691713113 6319.768915372524
837.909856151835 2900.523701603904
5321.888305440181 4504.208170297002
7699.305376235108 475.4301840799091
9966.28753240597 1559.9551539215684
5468.817039717343 3992.0117812621293
3644.1055912056086 6457.681573292083
9700.369320691592 3423.844860576929
5485.7230205881815 446.3559854723809
1029.4391710883544 984.2153144028765
2970.0844796316383 6616.2465312237455
4913.967892672371 9524.680177362961
6091.579994596082 8723.480527687678
5788.478734754627 1924.2942130119422
2969.2530976715725 226.46645779934028
1854.6164238330964 5770.69007256741
6752.9150319119635 4146.81915499888
6865.753233025227 51.31748192498065
3482.5600531163336 1930.7953478355366
872.7339504170006 3657.7925958708333
8216.257513766053 7981.798835747955
3127.2602886650193 8745.374685852423
2292.293957725039 6381.669688256
6063.119818044132 4711.620144073333
4719.658559289419 9494.347279323718
737.3368210521414 5433.319007293057
9430.27672281574 6530.092013087745
8206.264860227726 7246.723918349411
2535.5518630167116 1719.60815448698
7149.7200954256405 9630.071566192835
2660.0168581812145 6453.111530594196
3479.382433801792 8116.350450740336
8897.48148878139 8451.416434850582
9921.253648244096 8892.572594328363
9912.88972058073 8354.010422489377
7145.789349713922 9332.81152639415
8397.11821821766 8979.112986294911
4694.457680988493 865.6695035905959
8632.329696270177 2029.6242589797776
616.2562961533224 1571.0958871973157
306.31674185489845 9920.06468148477
5755.450917159541 8460.965222845833
3390.583533323668 2439.02931913715
8775.460745433042 4441.4498966451665
7069.265434927675 5164.582220102645
8825.54676878341 3312.3192475910078
56.222823048697194 2754.1547226762696
7899.551700921374 7393.615349600098
4444.540688150769 1855.3689142271612
8793.826707204435 3485.6332530039203
2497.484782360344 3471.569126802718
4836.66169408104 9865.7161011327
8872.867736267774 5629.393875936259
3822.0376084505638 5614.876685363424
6285.098600384511 1141.0903055316612
4195.228218312662 9478.778491326235
3979.922228317713 8708.315989753943
6817.1382432248265 6120.396883249393
1620.2784374855983 728.8670687701592
9390.54848158181 4358.839169172019
6716.911602401706 41.90575751013226
7989.447861256858 4994.758816950309
5485.134328296713 1692.5118322401388
9395.934471594595 2193.673743265032
8501.929288841699 8316.285695344317
8004.9636517130975 2197.159363725177
7693.150973767251 5133.348240231265
9332.313058260284 7232.349947453051
3795.6474023830324 6124.601957893082
9293.932093768133 501.21848632873053
6499.8809205955295 2736.671257740462
2686.708254220379 6613.500471837446
2057.594542088105 6486.616223909888
2722.839639073311 9972.768270415932
3277.694045787324 9843.50299344175
1688.5989655656908 1254.9094355683321
2971.7072045056148 8214.633437708517
3288.5372010757287 8180.449759759638
8575.231837438441 9502.595826299752
2845.314717137515 846.4593313427904
7917.708943995709 6192.4293196204935
5015.817825168087 6701.623069587039
6141.508107876187 4981.111344763429
2329.9138190843605 8567.94176673932
8946.8193407437 933.4162199102835
9567.153039327091 8804.633995512979
7727.197593548779 4981.134548177458
5848.6340839334425 4891.00333016801
4996.720425119203 8346.101750091228
6976.954387793981 3577.2425524057317
1587.8364417027058 1795.4562810134212
901.67601693673 8656.646901571314
9708.924607765324 2768.3755313795878
4508.268240715994 5854.631738143915
1777.1933073202251 5873.96806518073
8589.821925680155 6278.724888755498
1388.4280138928395 6858.757901207685
6282.608080477848 9754.960380348104
7732.364671365796 8399.587733000973
1679.055067934665 4623.340925108165
1939.641437977534 7100.4326002777825
8233.762489053934 3020.7160717298775
5083.771928613562 8884.511235996182
2475.1963805320843 1407.6156387136873
399.17541411398025 5610.697786169815
5775.797147940567 4456.729373773927
3831.690701977888 9268.886396960761
9119.645312610413 2816.6545231513874
34.90870402163671 6588.670255319432
2322.948465401252 8852.432784471735
5307.984793424547 7434.384067891015
4384.491861230727 6123.555952432052
5964.850147799123 4925.727473569414
5377.8488114317115 253.61661227633837
6216.702230767363 1774.7392060731581
8735.984715436984 2183.0152195192377
6668.943567202568 1631.8897019291824
1790.4927451789665 6935.871637497923
9315.788887980974 5434.249657556885
9898.732986863759 983.7480340749671
1951.0222611081128 3705.5774616751314
9450.07960329987 9608.640868874669
7699.6982846159835 7275.29113532949
3464.8260258575715 9727.543573112922
1664.0210702184343 2244.076817244427
6910.400034199234 2963.3721794387257
7097.461727225269 9620.849110353749
3765.2916299224594 2243.813586445873
2772.943255316149 674.9544733997293
9585.776884564613 3570.257951016638
6993.875828473394 763.8001173474051
3821.9937547604754 2694.435334380797
9589.596663510614 6655.012225864349
8672.946855552911 9308.107845853172
9413.067846859034 3482.8656608355677
1672.1913566025748 3190.879035164019
3876.6403698762606 6448.945802016197
3491.2955335323936 5187.703698503371
7558.332033625934 4710.658950606922
7814.211429055034 6962.363349222323
5278.610592834716 8225.452640695288
7820.649855105897 4513.7433135070305
6002.055348281221 9293.267883575536
5767.440356762105 2144.5184469367696
4747.073278769908 606.810119280482
7076.725300964846 2617.530093208813
2462.8119337011753 1499.5810364798801
1501.6535391708273 5264.111018212196
6615.2114857557035 8515.788495299863
111.94815682324833 5622.395860589473
4416.079182923862 9969.86853491243
5376.283460646197 2907.4045177467933
7895.9186154830995 3924.6259028123454
4375.022896484528 715.6250803369502
7569.706750061329 1571.3783482936938
1556.7000121135743 6649.327011313669
7590.164348805669 6894.003914660689
5465.524787067887 6482.140460524392
8917.847367674005 9551.274341534656
6125.812510095322 3016.192878132822
5585.8282006432655 1625.931919533895
9029.968229752943 5772.5273005870085
9769.570311264893 1009.2378932109647
7666.2091750317595 2803.4133183283816
8368.073230820759 4209.380224718397
4131.723638417036 3375.646391761754
2652.8461200652864 9806.457065809513
3288.3856569252503 3561.2041293648153
6389.595079161072 5798.814135200304
3662.3522070422164 4481.384225329517
5075.912978347506 4672.307094937481
7733.149132908656 1356.9009847415425
3904.662983033199 2669.2242405059696
9256.109991306606 6454.271553161962
9424.061596297694 2304.8123669247143
220.08769637403503 256.1648590545429
4500.130728327208 2131.6632849690263
3566.2397638876155 9583.269764769764
5534.325046124927 4271.013898318627
6866.751471609088 3094.549904903918
9936.928308694483 4747.093927938752
2811.7405319993195 3595.8362980873403
5247.63331633801 4140.844215603642
8656.386117018716 7712.449527297521
6650.003736995283 9821.542442356507
2384.0006826052786 2674.24879238751
1986.456402696638 587.4940630095937
6252.028771934511 1193.381979407503
6674.495208618867 9512.60599613919
1391.5039982962996 4496.022012815134
4891.988714410785 7422.116207095656
2842.8941101780238 151.51470417443912
9492.600678277848 4820.971543971698
3885.3417357974095 967.8285118829555
1901.386103520073 7682.551653278457
7875.580697038511 9830.320125798891
2003.797379912764 5648.233433344749
3395.3759926916105 9656.279805942748
5834.155264127413 1818.5831394798424
5745.753126941319 2625.0971429785386
1385.945956948279 4313.725619115581
7675.879403943893 2997.5180366737454
8090.6012642440055 4562.622035074402
3750.262082949689 6899.442632001883
4794.237016095774 5283.062331673627
2889.0881948739498 3530.492388719112
6131.691415116327 3688.904790779699
7703.935435455879 8387.152077482095
8681.899209156914 1311.9513347375334
727.0156518047078 8009.603411000601
2005.7466265881928 170.23114773782822
3156.5229522111226 922.1210639560662
9692.120102751758 8853.375183632448
6628.024157197095 1493.051538976361
9030.373259639833 6594.7125371960265
1904.47378230423 9935.016676921945
9772.651944398056 9190.569010786097
7147.491487223684 6766.605734262716
5554.768982461297 4809.7553091071595
8211.294104443892 5988.440073422936
8776.41371185038 5500.731027072972
7010.055880060121 5285.639960920548
2909.3736921687705 7901.774809849436
4888.21748951207 3134.7853196452224
2461.3906091508943 6998.242141167018
186.4654638283414 5400.449332016715
9254.446053763826 6909.75957410182
3661.739795725919 8603.977212983462
5768.5185398205085 9994.235816228496
3961.412351207596 4589.671456870575
3903.0666493865374 5307.156797677397
5013.1931864473145 7318.731394625273
8166.043272566202 632.0780759369371
8465.65630503053 96.20099157990003
8583.95356942986 5697.552861944628
4081.442503084207 7415.2937454928615
5363.903922981005 1853.6565215127375
797.7984521609826 4488.445587962967
4636.756615575343 9543.98266855216
9154.129527910105 1353.3936015883464
1682.0497044108229 6219.551625405225
6382.382191336195 2453.365756092619
1704.1145853012297 1304.3887409224287
72.70209967155327 5156.589611598115
4634.410084497022 1953.4086611342782
9932.657160917981 5354.666420622616
4522.8925969907705 316.4141672624088
7045.9436570041225 156.99005175038195
9179.202634988156 1163.5277249418307
5413.9307986490885 1785.2291473269788
6081.666102099885 3035.4429065758573
5002.344621596717 3450.886289218227
2681.2398868531473 7897.306353349513
1183.0120083718475 6071.861594460291
4311.777365451627 2779.599536161952
2081.9486359074067 3940.1314426453428
8085.413195741155 2474.245966383055
4106.479780918365 9286.539007320538
4900.9404929877965 6895.229953589209
9938.751233533972 4948.135080167012
2423.4682654509534 8286.815895006774
4636.126399122146 7759.237249055462
8163.013367086841 1440.2081840098201
2063.223659844472 3695.4379339708275
6231.421382783371 4423.325184548804
4783.898338145187 9046.142920186492
650.9913650484123 3550.666782173096
8462.772956334336 775.7186786827053
3798.298759128922 8382.04030401949
4899.561961924378 3428.0869141531957
5244.461905646454 874.6596792105621
3202.202047710546 4140.856632414962
2669.4592678184613 2328.3259144530475
8873.069427449505 1601.891904536228
2829.3732633534964 3744.453122368376
5664.417544176054 7084.266274427452
5558.540174892429 9978.106550810322
2615.876981474655 575.8287377933458
16.202314409263785 4634.409401521795
9727.404049538412 7314.378550162248
374.1114580391702 7039.252609054748
3290.221782787739 4023.373273684656
1150.2278685106414 502.9166760817605
4470.442487625292 3940.1968141106613
4764.540765610062 7426.6355553009125
7085.656634128475 4454.567002389067
6751.428892116045 5719.324196896484
9392.800632683193 9316.341114169638
8768.13277979908 3550.645891860905
1785.697749144851 7717.007379405547
5993.736298127278 9525.721096636189
407.22285145128876 9691.737856231242
627.5891258783162 6210.807095158202
7307.373914055191 5865.500369371419
8671.748736832857 8776.547536540762
4158.584631882433 1631.1074161299898
6957.859810788961 3402.012624310805
7396.371234274475 6942.260736934089
130.27307518414855 517.4216994409898
4762.595569277266 1518.497113883226
983.0314736779134 7424.570614250261
1733.346851345662 7518.950706455527
4235.099619377764 4819.707247713723
8532.447545313338 6712.222326268111
7771.221792766879 2793.9515839448745
7717.867793125608 4294.434942141125
1902.9605291483697 1076.929157224039
4899.651453536803 3254.5233773537075
3853.228785019793 8987.889196124412
6593.783267437056 3834.0934057923646
9875.827816323332 6191.701670549672
86.02412189991693 515.3524926732345
6624.788348227869 4889.2128838465405
7075.17264917952 5003.61971704048
3026.5988108269203 1799.317706823741
207.4807804662293 9607.325071567942
1542.940105010201 1595.5733310459718
9676.07721486671 1509.6467812611559
6784.750234313635 3029.6653469693015
1603.6765957304333 4892.548229075612
6597.200194936506 8133.644553221708
9917.416119121457 1464.3313736639307
2298.636683473434 5035.6882460288225
6683.706902242151 2189.8128452694787
4718.511359404554 2613.8465371018483
9606.24874278352 2303.883242649626
7858.957134691576 7047.031830899156
4028.125995218403 7373.064290097314
592.0082805072069 6188.174621775275
5632.089646124894 5740.593580711606
424.15746837249026 4708.59996525891
6624.226408988379 8190.750562965375
8447.341279175365 2126.465716859466
1070.5692878667717 5765.71388984362
6099.8864819590935 9392.24533848779
1400.2671896027164 3294.278870087923
6367.542876716693 9211.278112545157
1436.5949071429318 3615.860986899783
5537.87439331513 4668.719169300305
1266.5670044806554 4594.182838521959
8502.34877360988 430.69565989522715
5729.864829750881 7259.129746775623
4068.1893814004134 9803.72493604381
3501.4359550029208 8422.452877043152
3837.180956058611 9863.055985054654
2040.2513201687068 9467.465481057261
6098.203059515957 1918.7725142252955
5303.032768030296 9.97628608852219
9315.310792356531 327.4212750013361
5176.582620215906 7225.73559247262
2925.3039015297554 7648.270101422958
5247.66075276056 7907.340991865469
5861.773649919687 6147.334618091175
7995.6494536259615 8924.136890081849
7772.008962228123 2324.377468458262
8291.551500290227 7638.189686869078
8425.236475488891 8795.527054801772
625.1888247269566 8451.118006159377
2815.5753928227623 7679.538176443338
788.781875555914 2427.827460940254
8832.073091038605 6066.567623663505
7962.874166853739 6938.423856881457
3503.241204891705 8328.37606420725
2848.1782638807717 2117.829139896891
7755.021458008594 8415.729700429045
88.17357986374286 755.4376963294063
2743.4386755232345 5990.061400493226
6931.930972621975 4950.489399630405
7196.691345160229 7602.504544948007
2142.560748908371 6472.847711462258
2830.9353795458237 6791.991839835097
2098.9927430007738 4116.882230586306
7396.760291569553 3415.9863282236956
6305.664310586801 6467.441359946232
2276.0895639773426 7728.911380175799
9412.101064967017 2185.668910745423
1981.0425808579812 4311.75633948654
5568.700291777057 6588.14635666891
5839.3850743234925 852.9444071090176
6435.842079835401 4539.299912084257
5110.641809689 4114.70608188215
3561.113059456593 6480.308238951504
5066.692936605282 638.1207296756419
2782.70863530944 5710.59176517892
6626.615153392219 2907.625240472882
3598.2369752662466 9302.52498028686
5620.351256339947 1927.5564699581937
5473.334162221691 8457.517044217564
2144.118949700805 8631.699554084555
9742.419821669626 7182.473893754973
2811.913669430488 6728.9354792047325
1325.1164389556402 90.12719794327273
6762.597067267243 5244.017835745266
2571.987337968782 4929.461824960046
8844.21281371313 5792.107346720375
390.9184235765417 6303.387053941066
3921.735460009038 6978.8858128119555
1383.4255951770924 5512.565810904243
1360.5945406710496 1067.362290678995
5932.196630101689 8801.777051750043
8238.214922209689 9493.782079518058
7387.104620213314 7066.701622256318
8256.888360955225 9704.938208609326
2327.478494209215 233.2228409211301
3948.1036863037634 9025.073510792428
5181.457862416857 1396.7070824421812
865.5030311304101 8922.088118574311
2001.4335955130068 5638.534811798106
6671.6527594531935 102.3262727819152
83.37795738945108 314.56607841184535
2852.1777404588433 253.4960179171053
3848.689798636736 8069.549904288853
2344.0921662858295 9762.608529158455
8417.207542003805 5368.1614594682505
8077.902734197019 591.1937228865016
1161.9155618047405 6650.619639429428
4756.915784159289 5804.011870681827
2378.105901648645 636.0045272669789
2231.5252498884265 103.12602399780491
9738.795929764225 2014.2765490443903
3096.6050034046543 3218.149532631177
471.539733305355 5837.287162955741
4054.5003474803443 6175.614648129231
7982.468984146447 685.4056425059673
8189.45000534915 6297.068320012991
1200.1335441233384 1431.6514710272465
7661.27151834152 6670.357162003426
2677.187743656633 9927.260022496557
1222.3359870599238 9967.654987996335
2539.151604165475 1024.6959314887006
5810.92417786502 802.1170962309565
4316.308601859076 8768.822413134905
7600.810345296855 8961.279681896192
8323.814144362346 43.481330521929486
8558.420351738903 5498.748826624374
3898.3726670902074 6656.981806845364
842.5413704124596 7422.407298482581
8333.647772779277 5837.155644404282
4185.421097855374 6851.245695368087
2025.1815134406238 7744.5375064614955
2303.353556539838 8292.708444098767
8472.146789733504 2377.031221374356
6675.63382043295 5920.643114603663
2818.6298149520894 5115.657266577698
3365.4027149686185 7215.578093954718
6602.787313391503 9163.815675380787
1753.3547503737245 2875.3550330676526
9607.362807162956 9560.638700566547
9758.516722287259 8168.454283040604
3102.2509683480935 5564.660418215503
1634.8044227433677 7215.379193169006
2457.9383552261756 6951.140723999799
2575.59208897279 3809.060164793213
3476.472133451628 7182.56496086489
2614.343411490101 7721.319410756405
7801.270802713098 9245.77719789943
8557.13278181036 3366.2838728085144
8634.413647786872 3479.2752961005012
4820.900445650441 6495.827804637792
5451.558386100925 5727.1470130811795
5392.133642209113 6402.932776192597
44.65039053896391 8904.891437073222
7331.904847912727 7483.461748581544
6649.957534703446 2920.9423667583533
4693.618389073969 2677.8379301106293
6187.967865309355 7199.8640518715265
3707.0482844632024 8899.140331899554
3862.3855591681477 1951.368102148824
1559.515539166586 7299.537056857131
573.6933390845322 1512.081291085462
4097.59481790351 1294.9362671919096
8287.216320841575 5064.439235908654
2593.5387889258045 4473.14188212919
6376.892750355483 6747.317707733143
286.3204434516087 6805.516010489659
5577.314144215772 6012.8623041760675
4375.271090656405 2420.4516826424338
9564.12117941531 2735.2324275314645
4760.71432533307 9391.839606011892
8426.835255628303 2593.8119666321436
3558.2850564868218 3133.482020779548
2162.8625244798295 2554.738939497687
7795.342696980634 1758.8867050058798
2226.482680415415 1493.6747241492487
9522.203527697498 8403.69720434141
6839.515193927919 5204.783403498067
2096.8941375974414 4009.422904592378
779.4665726033023 182.4226126840389
4969.421658438927 7198.649708551742
5522.065006507053 4263.955404971966
9824.084041833079 20.12183666438183
4342.411974227768 7526.489083505114
398.51887747842096 9381.62853399215
7360.655763372542 2222.804330348527
2582.964817227906 4064.8021886929687
3966.1747320061436 7976.233773919464
5491.831616189436 2799.528457600753
9995.20807592879 4818.041836235732
4941.658388311887 8249.637736397757
3633.622084063178 6919.045378965399
8405.400010495036 8550.617433830945
1257.030815792528 5843.368069173439
3250.3472594187756 2301.573454357827
5105.308243785005 388.8065908108462
6378.0457167447175 2137.2122173528705
3951.8754015200175 6638.128182628614
3934.1008186239646 1366.060616981538
916.9036175118683 9452.39719388359
709.4991379130867 4506.424375021564
4678.092522493037 5442.028495184528
2083.506974806846 9095.576588434462
8844.346946360494 5739.714153877904
7757.296169539083 7453.471089000602
1999.711166650221 8288.012686210654
4593.33691343852 5730.3705403210015
3062.133091817828 9563.8982731828
6077.134625899061 8766.252104817484
9697.816557742522 2118.32669665614
7731.371780181618 8708.65958645442
1155.5045092359971 2395.2885709506454
4317.162018799066 2336.1126700910672
839.1931788000562 554.7758488709597
5737.076284561374 9295.688129801832
6545.632328332967 1068.1243668992267
3113.4887304990357 5932.4863883141
5194.62521101821 4852.890779863164
4164.7373550876055 8150.690463695481
8947.31027314781 713.6354189104721
8099.335266636701 465.9068363107477
6814.608629826933 372.36015610679794
6372.47668670651 6497.98847935781
5006.072148952002 7788.642205689058
640.0526053739819 2876.5640103905243
2983.765250820469 3957.6890231020766
8936.168777541317 2634.944163036352
6131.960789920229 2576.354452165439
3193.0203330698882 9419.006623049423
2849.211189027273 5475.583090889147
4246.139404520332 9881.39998233322
1694.3262707628703 4291.370991462453
2749.044155084421 4972.469406122912
2720.9164936434518 7400.0170173552215
7036.077586550055 4207.278919151798
8147.600565639499 8912.825458296778
9773.591794594959 8583.492987575657
2216.9475956464757 8566.409013305925
2348.4919690073093 8752.242357159297
695.3137177848323 320.15136209232134
4454.873467982593 7211.474892282813
88.05831148033793 9354.559481457152
44.2897128208708 1880.747024289865
9238.869033430366 4895.297527754583
2842.738371661984 2038.2323168562689
7712.684889647609 8067.8870974602005
6434.647673785573 3781.8058449207347
6919.079494706264 2255.556845993788
60.77037426139076 9029.562136454253
4970.8709551298525 4127.1310219809675
3728.197391512671 1228.674213098455
1601.2110561041936 2366.212731877466
8941.05487564948 1856.7779280289808
4313.905051324582 236.0344454837493
3547.1198291118353 6734.93896375365
9886.884319941706 3408.8506085435597
6362.922786213691 5667.389295953784
4361.600355954728 8740.610656989704
9513.58333651276 7862.376459405679
288.595945326916 5970.084971603662
3983.3143589220667 2435.880589685845
1079.300923890424 5324.0887130479805
6208.30772212826 7439.0935692100165
3698.2006912405996 7760.832494875159
3630.7839219852212 7096.676495140799
6143.202508950867 3471.8492499576723
4199.427602731571 2733.4408029370506
5173.766546860019 3306.867783798768
8086.661223905028 9792.372310265167
1501.3888357725625 4238.743973907126
1752.1821916912072 2301.2820820134507
6387.0552357474135 4118.873007130382
7827.965757647252 3487.4196895359546
1656.0563573835673 128.96329220480786
1301.0452709162346 373.11289974999664
496.20068258790616 9051.89317475054
1759.9139285110277 5563.0058205736495
957.6692251866748 7696.323237850092
6849.892777895583 7508.516452135684
386.4398206661024 2630.447202991619
1245.3808260664678 9022.320200229744
5199.900338914026 1810.1206608062914
6178.982170520838 5123.332106837969
5072.791440012685 2037.1496523654575
9545.114386362478 8707.143214188425
2868.3036613325044 3450.2169635377577
2882.1440271877773 2942.978744842609
948.0515828898151 8811.752990032574
4429.7031141466905 1962.5516627909178
2622.826082978078 7968.890844487129
1928.7574741125945 2453.2153160777993
630.3593826956233 4190.612689687155
5196.452692875609 1765.539569172505
7158.23696996985 5466.888335391488
7735.473230901065 4653.921602903415
4043.6856926221467 2085.730718657184
694.1767000880195 4354.401899008524
561.1782675427601 8029.914967675993
4022.088757844812 2304.1275422871686
9935.28196758579 8625.961913556592
3599.8601336057577 281.6498372492304
8134.68525509902 5979.0276383859555
6023.438898853363 4483.753722137506
9191.752780055325 8024.683138691024
5894.529403907715 6638.770614964855
5599.280074125702 5696.890968869454
491.39201453808124 5640.135458969363
2850.867500329246 4628.1711971506165
2073.4031921799155 9047.589975214925
5272.696591683693 4957.5456485069635
1709.4576751720713 8403.151542718682
8313.866778730157 8819.442455769307
7628.821703737196 4679.352141236397
6669.804004617527 6026.4824322521345
3334.840017252728 7520.426981316076
2502.343774163843 5050.322601821334
5927.729709339339 7092.345993911694
385.4039643489937 6798.237100579106
9576.123775451446 2141.490569276251
2733.885948078629 1140.6858452901959
846.6080025928113 9792.634289338204
3356.5734202012154 6517.521788622177
7720.04018476134 5427.735975056004
5737.4078306055935 972.0952961529838
6958.027576078196 6641.005241993277
1252.9581033867564 3243.2478295845044
4805.004121499404 8965.587486046796
7528.365607588516 3311.306172817534
8730.427850909678 8385.409499993479
5164.386610698935 1261.4507324423907
6425.851582392637 6814.097318406238
4533.919878403909 564.3797546343743
8370.49703368518 2299.0629342894676
920.2225222131144 569.9252931339727
9004.28732076609 6035.3509173569855
2127.83396768095 4354.7991070056205
2109.83747797567 6610.228641845773
4601.485306826787 2846.562096596121
9233.34696405289 3199.214414644063
7587.6913946581335 7542.614483457589
2889.9864688173793 484.6917171452092
5189.430052617439 8293.935585401354
2611.958060242434 5621.35111348672
9594.844862793361 1059.5054025829
8032.0759828511 1849.165253460785
4442.274095990652 742.0292413669016
9120.674304069744 5618.535292938422
2885.6892945705827 773.2158225454056
5056.424650750387 1142.25299472558
9951.2823580296 5945.545818201266
1474.1591356144968 1201.4476890401882
2792.8113166301196 1187.0135099440292
3481.0595509931654 3160.0229700913364
5023.523196907149 5904.358931614064
8316.405921789383 4616.565193048856
3733.5380702940593 9626.053669087347
9611.752756670923 8793.315422459937
2054.107561917353 8692.121746854606
5300.510839079915 3265.1551092639274
9332.672183847346 5237.346503387277
7478.795448822941 3985.488849407124
5635.522958933635 5918.258757043002
8080.801892303255 937.1729612301926
3361.781585442063 6241.088652176399
3065.3769496878303 9425.100021699882
783.7023627592832 6359.844780023698
7378.928528534336 2058.7516832905394
2010.4424236511197 7029.32042556381
2282.675747365126 6442.459548995187
2673.123442729861 4222.86587233272
314.5436036122129 2875.9641187488915
709.7830013067663 4136.824498501698
361.67508244129175 1961.1036906112067
332.5520278425154 9858.70412836272
8580.263830766246 7951.667228805136
1180.354314659039 5143.521604298795
3601.32785611493 9797.606068789357
4074.2916012449705 7906.336607215272
2971.6375193535496 3356.7754777646496
6428.042272704919 9168.481120760642
1594.7056613960485 6399.922905578659
4791.702268906584 6203.203221220382
1840.8758208217446 2634.530437535554
3292.259012553971 7338.591604148601
3775.861194285519 7648.770490182466
1370.9563252920964 2457.8729428570045
7944.868696221137 3178.6409494953805
3365.991376955462 818.2939794473909
9061.092190192217 5610.092879283379
4414.379730325354 1617.6182209139788
8504.12416458113 1089.239543891878
7986.382152051785 8546.809227583444
4782.643369569025 1890.9682145504091
3351.655640681408 725.1333093133139
8970.193117605104 3114.3419789883665
8921.982401976256 3249.0762052698096
3819.2333682167036 8386.259346870927
1765.0648555172654 6431.5968859503155
2472.4363885769985 6966.5059099272885
6546.974604408721 9492.19455720652
3591.0374134674985 7520.037643516033
2192.3992994889054 4283.405867365765
8546.100112008171 1320.638362889689
2086.033397600531 7081.66058543813
6461.529169214817 6438.666797122764
4139.299691009633 5487.995899482041
3832.723003188874 5583.149149281153
8409.239042031162 4992.4496800583565
3191.198500263771 8527.88457461264
3289.9610528640833 6096.908729579611
983.3030157264367 3885.772351789264
6891.434208921933 3569.173410272747
3500.3149300691716 3845.1578147072773
4309.700011973553 3318.4211627531445
7005.765335124067 1048.1885029856496
9435.132494965696 1440.2135868812293
2679.399607222537 1172.289732062075
4064.0714046837734 153.12819773538376
4270.574974520566 1727.2539102259454
4385.485917334858 8825.943035313994
875.0970402470526 3260.3812234259476
4651.02421272141 1698.1871350180322
6497.448380536623 6737.441853781602
3000.966762260486 5755.1986963306435
5397.292314080741 9996.956364436935
7963.754608474075 7350.858851051307
1261.9275482812131 6441.665416592225
4894.432444989102 5071.041743446641
6794.321685402798 9566.940822402765
5004.3245294625785 8334.928563170306
1206.0035050943109 7548.971283948785
7520.891353013348 6359.2843337217855
1839.1403360902837 8111.00351337874
3059.16300445113 4076.6703616384557
9983.397885963775 7263.151602484974
7579.9882502251085 2377.486230163203
1296.9522679760325 6780.635756834679
1759.3945423375212 3642.1380710380645
6593.557017489159 6611.116843171707
5110.101164295602 3177.4053043501904
258.1663460648853 7601.076797560619
6785.863831476216 7142.570609485073
8570.565007222314 1796.2233677817696
1610.1048602071755 7634.611493289392
303.1394898809081 9743.387755542048
1532.0531416347626 4042.7075786894816
8237.327411469629 4799.732930362416
8743.34031348457 2008.9666301275088
9266.947874935839 6835.137164621291
440.01869424783126 5552.338990023983
507.6259441269282 8255.74558034882
1623.1602637907993 7158.111185963048
7155.356821008136 5072.902445828196
892.1933905303392 3778.9420912017836
7618.4293256094015 1891.2539917555448
5216.1483129959615 6831.70616942363
4381.36760860252 4720.173756268472
9840.142766158753 5748.25910224948
7670.988731874845 1336.117790427921
4350.42315847654 2221.3577781724903
7834.765762888011 3160.843401321681
5255.591818690505 866.0850642023465
4094.097486331589 9550.651419489099
2372.792640392931 9312.980314731705
9552.518218769472 6291.525650261683
7211.045324279053 1332.7294921854882
9205.943214156223 8074.449680435811
2553.755929704966 2193.151859407124
8083.601690062608 7386.194553376741
9918.185389564786 2219.5446237781134
6610.078622386875 4567.739812222927
6600.295227620907 4916.4985727321955
2793.367354855766 3017.821323562263
8956.378776950785 9037.58259392875
4845.316373830502 880.3669040195316
8389.577407169323 6260.30259434949
1224.6395627448114 3241.9564953479494
4842.514358352222 2501.2226930615066
3730.6277384255095 5533.556700223407
9827.28019907463 2638.1808415210517
8549.747931692878 4135.076655951474
5096.352793224644 2489.713434156382
6685.333885532019 3984.463725214783
2145.780314992173 8639.818639637468
688.8257511131524 9220.794566512426
8366.7781829911 5533.148542016654
5478.1578515030615 6501.323992866754
3534.706463524524 4606.681124570877
5260.7029304441585 5652.724758924262
8276.535924957148 4747.079811247122
2712.575962509172 9717.88747276786
2556.796779288455 7596.187716136903
2172.1465276594486 9838.425062297873
2723.261491733139 4489.900365294457
9438.171136092296 9691.825830877071
9972.911386179894 7907.491345011545
5752.343927253315 2242.3994181336716
28.314906740350978 3365.80250785814
3903.8110287436643 2574.6661331073383
2625.600724777274 6405.54722528606
745.7635562933262 1532.0185419075283
8307.768824908067 8124.154460270836
4345.414467473111 383.5362975799539
7855.589385703822 8317.049948444328
6433.504099751929 2582.6626713429946
4140.922804209023 1385.9286232748314
3105.982308537202 1965.2102600630883
5056.584072108065 2199.155318703656
8448.769871851486 4985.914107817364
2451.2930010323407 8029.133035526129
5354.972558568799 8129.108752383551
6652.378957797256 5110.950366528766
4566.391359278588 7854.020740988735
9321.097178062671 5195.360659340502
1079.191598890943 6358.673988773973
5896.745050073454 9215.603081971925
8811.573553556404 3546.4180754175977
1586.7052132904703 4873.850073384791
4214.844836826814 4478.709766916817
5953.155214037883 7476.196956454376
8461.122153083526 1675.91658145529
2642.167285682757 948.4660352485985
3179.001087847183 5780.619594877565
2006.1338746848555 4915.176562730862
7725.374273928164 482.0220545202536
4005.78076854282 9619.207944218213
222.1942193687254 9780.64175458966
8753.160025215686 9209.948246239386
1887.0505227811284 4478.665930700495
6421.89528155105 3495.3581249827093
5587.699345492233 9709.773788556084
6698.418216946743 8559.341084344129
6559.11793952202 5503.197718838696
7542.913898179523 1236.7539362664038
2101.7647980525044 475.78363538881894
646.0205820892495 188.36507383602873
3869.5123825470555 526.8687096567637
1644.896427496374 2051.698872485748
6293.039485655837 3046.707977140047
682.9016456766212 7783.468878932656
1897.46102080124 7097.423378140308
139.36393961813232 2987.120368230306
8066.524367100202 6442.145627530143
732.8132631580476 7027.099456196503
7926.4937590938935 2515.8677214434224
3638.404518960352 5834.376576163633
4105.573914271762 9856.05313545392
3444.419111566368 824.8702043361656
1001.8724385417399 9628.040762810413
609.6219520376567 3581.564313217429
9992.323778618125 9068.737005612898
7091.745617193104 2135.920773104847
2703.8115558627906 8042.500037743514
7923.788157188723 8915.495267236625
274.38255755953264 7353.667692504297
7421.370098651388 5386.556316556713
4826.63355273819 5481.017640311406
524.8213268003133 8662.227644277007
8316.117792300698 9560.646067998714
9994.15179179431 6411.589469560747
6947.616761789212 474.9201213243914
8692.341996995145 303.6790905001974
3129.9437214839177 8195.52969838345
8652.129301134484 3319.9855612363294
3810.36040914018 9450.308344010857
8935.47348860703 1969.4821812004848
3593.1387432283414 8946.31963362439
4.155747928702436 8221.882042371728
1565.926264338634 5973.408071905698
8014.271293691707 4422.474266064845
6442.280383304202 5887.648004172413
7826.801357313783 6227.777640000838
8809.044778396075 4164.340454382678
9329.182832572023 274.5013056693324
233.58189434644962 1553.5421118523263
6674.538827560428 5523.735626109196
9049.504393982937 8553.373088274511
6022.725097978337 2833.257549388419
5272.417653136395 2077.4621278392124
8545.635746328539 5819.0093489703095
7513.304861847836 3032.6318795550465
9847.05551180131 1631.814145582635
7467.209269502249 1480.5938252051264
5882.567118810903 6486.1762100810165
9822.35862801267 2304.8425478391664
5422.971021127219 7080.0152999595575
135.34900040747755 8844.057844044895
6353.22459049146 7932.245939562534
5196.158055362867 2282.7216504635617
1963.7475159836404 5882.701906930446
7073.78303172073 9580.250029576111
3630.6311264559777 3271.0944004964435
5497.302072736217 2390.589245439463
5261.510482262946 3379.512801189444
4507.132371180491 3560.1462193136467
9402.022703138837 6914.900498289075
6945.074568721727 724.4062520252703
6099.839462085339 6938.998612096834
5475.600193992637 5693.134907712299
527.270595564292 8687.286433082341
2460.981369018761 2067.2819076555325
7206.201836182969 3478.0330916335843
6295.648431504646 6891.414137905828
2196.241181396141 3638.1824167368304
4673.596514839559 3110.18565472733
9413.606708878491 721.2360226691172
278.0320831314775 8219.557964529486
2160.0074041494945 2241.6469366822234
9191.712360315052 2141.173755773507
372.63277298478556 962.7107977439786
4247.90493024668 5525.867079805994
7380.42889563323 9608.633953116378
1717.1821941169262 2719.4839775242694
8779.294418724958 5301.718434458229
16.337871962425197 3137.6959901950686
6819.086998719776 1445.4363436675987
1287.750013140363 2995.885724902494
7338.147136644508 2122.0294579096076
8954.334168879286 4948.529892494243
5177.334971204329 1275.6041568975663
1671.4704778555479 4421.639262750994
9005.070504871319 2243.7532783020897
7847.851873046897 4637.744155586025
4030.0837145663127 1718.2538364267496
8665.89532087625 6450.394748679509
7398.421517323247 623.7425633002724
811.4361574297279 6456.290083176862
8263.613524046637 1459.7593975139066
9646.490068887415 6759.850076648434
1539.9102311700897 7046.585597561685
986.1913020377878 3562.7811591368195
7152.344159440436 2742.990301169288
9477.479435046756 3383.489554009975
6271.149857187947 5732.577060912727
1511.3206701318816 8218.145977603239
2237.2699967800036 1415.616398537919
6721.347840427748 3088.444531030071
8509.946105299947 6404.967743724534
1168.8651103591674 4650.225246714696
1509.9696998671498 9824.395085416581
6036.949705682863 3933.719910899982
7530.945185257603 203.42056342106952
4780.849276290744 7331.399825106806
113.31109529898909 285.96836928342475
3895.418584475959 2220.993193798664
5802.724352970283 4047.2741453063254
2700.1787932671295 6412.137422793153
5458.4831922987705 7403.389381454266
7284.317133499 8196.257658367856
4825.51316498811 4570.2031394247515
4173.835888783079 7209.913362968759
7174.9718547957855 7099.302451158632
795.9713900221843 886.6852778194223
3573.1987100765996 8663.972512353033
4661.8334032916 9309.550217182932
5176.569761351852 6918.449771609932
5318.794814947612 8594.797846947486
7089.872790012478 6250.725166583644
554.9627087921616 6827.146437954648
9485.046384860878 5073.9857110268895
4202.141688030265 9885.371884597
4676.2738351280195 2449.3493727636373
1627.7406325654654 3544.211092020385
9270.41637022255 1542.1092051797991
8652.752026130443 733.3180022810426
4223.290922614578 5217.5641414331785
4045.282177193266 1559.5903577527026
3386.14519833345 5131.473836309631
7741.2042885950805 552.4376347598836
5937.880170720104 7989.719311417245
102.76526375774475 3582.1335447382417
7813.353952905504 2556.6761965251085
1007.772360154564 5817.001868747125
3297.6771622376123 4025.99676578424
9165.136583986836 2523.61111974008
4788.792997348284 2507.1980522990666
6013.1749294666715 8302.885815459795
404.8844073397173 5702.638936628255
1246.4521209260115 5330.730584018971
6245.3188336578905 6272.458778580605
7242.629687114433 600.6304968497057
1239.8004488422255 90.02602656576042
1139.8449441260773 4209.900169687288
5453.62259388146 9561.486456020266
6899.578087835713 5275.637725048779
1940.7484932484076 5960.6638673995585
1266.62889519927 9969.193002533013
9973.284317996635 5878.035234007203
1662.2501345448547 4127.9206477107045
4611.944074500907 6619.066134062195
6304.827703649399 752.5799367116115
2104.907127092247 5708.5909097103995
8266.493387752516 7866.142204294268
1774.718539578931 5089.831277448447
6337.188621847457 8195.261344655954
8414.337710352593 5579.956703136677
6087.404462913763 3183.779766653919
697.517775419828 2032.1595637051826
6498.686968327472 5966.131680177751
5232.336567856068 7820.7456823437105
399.0224078639437 7557.213152732097
972.2367656873276 3442.1178885114346
6042.587437364891 7145.662415221616
4327.016175347059 2721.740771894334
4830.8025858227875 1643.4433337392118
3298.796223390862 5261.40136801767
9493.069341185374 3288.1920158922962
8916.672018916277 3491.329675045832
6201.436225473927 4193.742425575327
9661.320992954377 8373.055766270129
4751.605561338377 2860.652230354854
9016.85984312173 2456.171392707829
9456.987745163422 8812.970170554787
3650.9044549301784 2490.8819182863217
1729.2049992103687 302.34432446101687
3911.657672846671 2452.941981000293
4646.753199141628 9326.269007532337
4316.970072655304 1454.9230241963508
6042.703973756232 969.0645488427929
806.3627425024177 8625.045488084015
2210.4819132637986 7352.815186752622
9278.002723656826 3561.423674392209
2638.4756239990015 4755.733019736073
9062.76393900965 8524.34104895038
9809.750080760978 81.04138575228403
7887.0820523471175 7834.315046453467
412.5535621989318 5651.615598909329
2284.900843066191 1663.7718909636324
1356.181613855928 4442.429544169028
2274.6110381577046 7841.211451857361
5789.121897342438 8537.400077582353
3317.273740563981 5160.525741638553
7857.677515457099 9597.17145527759
5977.089936882861 6658.583494990431
2351.666565467219 6615.745050769966
9537.060975455859 6936.737603821827
3291.424241759563 541.742439345877
7136.952417122179 7988.486719989657
3183.577330679275 1679.6311202959623
9925.249530787134 707.5233957225635
9347.536037741484 7553.855503064756
2600.3765756515972 947.5674683199819
8697.238070141226 3076.035806234313
3933.130583299489 4525.596391918431
5133.962565739584 4933.822287588538
2499.773112856161 3886.89280178235
4585.630006721043 97.98519171899555
5746.398583082761 9599.846987006962
7699.675194472439 3636.0073084339783
2791.7419759611307 5169.549635540245
7902.713577496366 8310.61268182246
8716.018025650708 4121.159977358727
6854.020733516656 2447.0701131578207
9455.223275330209 3436.1953621878984
3635.5434964194164 7477.207385270681
2533.873218189494 2161.5969960640937
4644.768453047082 2241.411639162708
4399.880967200254 9864.611519511418
8653.87297592214 5709.98106064107
369.3807953657746 9405.051169080769
3383.677672401656 3139.7579577239344
1110.5140114357325 2874.8850079166123
9805.230876214076 2440.3177542923236
3710.1429581385446 6762.737971191691
4523.607506326995 1935.3888622580184
3640.9755810737875 88.6812166426021
4944.994067060508 7613.466187942325
7607.90900375881 5595.286209161706
6302.163132685433 9342.600491898842
9481.619338802018 8918.710684548438
1141.5294543159825 1066.2710142669307
2208.2168174290327 7763.904129970134
7762.887583783335 2409.214246733761
8190.678702387294 3101.2307118342333
7296.650294492024 467.6818345772327
3948.1238124472397 8189.199992527092
5813.025826879825 6857.2413297824805
7893.100185018969 3636.6000736454575
5884.898844825342 7342.141901710854
4198.522408032835 5704.830485402861
2665.4406210875745 4273.074030917112
6643.435920676967 4907.646971189439
8886.924209096991 2268.7900484838906
855.625797871924 6338.869947894255
5.977097839281464 1549.3547122454509
4899.914373820726 4555.898064129898
4832.019312292885 1058.159994773713
3935.9478715504615 6861.000672438971
4897.613437513843 8157.055814270925
5176.749639548768 6798.818099206375
2706.3412750953344 7945.6780438361575
8589.128424065486 4041.7124160625926
3265.336849141368 8275.733408465918
4533.690720441559 9353.724853507358
4262.1459938749995 3564.9984036793326
8119.91677034568 4166.91764313665
9804.53419338312 9448.727170848711
1238.4040453532807 2846.1540980004165
9737.771034813526 2037.185455072039
3034.0882910136947 2081.268928653758
9692.291017954672 1834.8831997620518
4921.827695496209 5799.041363211592
7865.260909936053 9723.510037582922
69.16382123095866 8027.4761304165395
1482.097263575588 7062.188887214348
790.398871703506 5822.746245318294
1627.9866278548493 8113.971457966227
9345.334202777454 6837.089493793485
1061.1614530615886 3441.300489806879
3776.0509684378176 4318.67431064629
8301.626712995158 3964.593867468761
9052.167989262043 5805.605201310936
1110.687265564252 5853.388601343981
9669.49698331384 3005.151441965409
3457.749226531016 2946.2675727725486
3189.4230842338056 5756.7696965747455
8355.556149917375 3341.254721118908
8920.079565965703 2595.622704389243
9815.636215744062 3081.8600598921544
9812.744601666758 6298.890504815583
4589.013931132241 9428.704863136625
4688.892513866458 1665.883339992228
7769.2544703152735 6208.906331039031
8840.698450900676 4852.611294308602
970.3964401680931 6340.269428323618
8492.686126933744 9248.268266504423
4334.810907868868 4024.5379582201613
1863.5371032855353 5999.79907362786
6660.405577800265 5786.01819830924
8330.529487079011 2245.0844373980817
7729.498538232366 66.45674424481828
9532.742847641754 45.46714619906744
8370.956190524394 5255.668601484918
3968.710810002235 6544.92005016158
8719.452385080323 2643.567070764874
905.7498277473964 6840.433534530515
8622.6098275479 3126.146552643313
7325.146300343038 2408.7264378645114
2692.847665942897 3798.9973706225087
7003.0126925589175 7082.163140125057
4741.941905867272 3590.1615968723345
846.3648609617958 8049.140204030524
7233.993525756091 1700.6308826171312
6199.208905664653 1845.6758789165929
312.03686587029546 5021.04653850004
938.0160538562421 5728.356624831137
4863.427422358228 822.9675379011426
4950.53136703963 9937.642076741842
2075.456753475583 9990.575619347024
8729.795080590571 7568.097331091302
5269.026353406089 392.43572671357583
3687.8641231522356 7328.386428383552
6493.5949454911615 112.70743342893796
2729.46826587931 3769.4199681085806
5873.483998528616 2108.5716789974185
9706.913988782759 2487.1480683595746
8749.660651591556 3168.339298775504
3086.1527751455574 4835.83276688979
9823.505415368769 5859.631184000297
919.967717126734 1013.6814535557137
693.1115769666485 2762.942699939246
7478.616712919545 1308.9916652799593
547.2717733903187 2637.1722344027594
4385.559263585737 1975.6897880125202
589.5005079483817 1758.8248862752687
1210.4566009982343 580.6726768670978
4508.998652883035 3147.6738857228115
5789.034941254927 43.72432724285669
8717.372387384492 1484.3701105275086
2787.482635909888 6325.4500183145665
6164.744860696985 2748.7088907770963
9158.564190792664 3272.908056031871
7259.583222801714 1919.328674580576
8621.35697579838 4045.5769044829303
6972.847439109123 6085.015679335855
6589.412072355454 5230.58392561311
6696.638581531252 8992.846720757063
8002.9025002106855 1402.4906381809044
8309.332833516584 7671.829233195561
7043.026327190345 5469.73532306
1257.0391432876415 6043.992563465128
4907.67466947722 3376.0697603229028
168.6540798162406 6386.303979226074
8658.326242834797 9097.168491061217
98.48123168652023 8277.980925158568
128.07096934978946 5382.955639243635
5187.588266437775 3106.669981405236
1113.311286992953 7820.546331084114
1166.1361267940163 2591.0328399077544
3995.7120641328956 5032.6401731668975
9250.553235135958 2273.244192311056
6839.900497194972 4335.393815788923
7783.361237311275 7058.897769500564
3503.203215635291 4105.101719570486
1600.724027042195 3039.648611350213
8559.269737486416 189.90177603453452
7253.016397364928 7846.2886173172465
1278.3048050145362 8961.451393047344
2131.4739485532564 3265.5896732977817
8603.381618765823 9663.709344811929
949.3343996147186 7571.85873502933
5859.335558847365 3810.126477116881
5631.728809284935 2115.1040105367956
2392.6714965355154 59.0155513334556
8395.454855530159 1381.451420165165
4641.210237656881 5645.7393852171945
5086.545124152968 4676.350297946477
6237.31335162733 4800.9781003784165
7247.71565828 7869.19078773364
6909.88868357306 1684.0637753305855
5974.126689845161 6000.265701713051
6815.472670574152 5355.366527833686
6636.821122488594 7255.727037883262
8999.490492286986 8697.224012612793
7517.671313607533 8825.91628989898
5238.776150180539 6946.332937280469
3421.0580512634624 386.5982282874525
6852.328677619357 6211.772756749238
8204.487713911976 3242.4201587212697
5323.952776435352 6501.226734077439
8163.9457510351385 4690.12728085546
8339.388549805133 6435.745154938995
4250.623990085043 9093.218071997115
559.4336130362265 1207.466915142802
6346.537405881799 8820.185997932631
7204.134525539024 8144.101165642102
3323.9274666152405 6286.690277042043
244.69541584037248 6815.687669186851
9573.497901843108 416.3276887703837
4148.332603026886 91.74612562911078
3881.6483832771496 3043.9492791449306
9704.804175858106 1406.4258291010644
7190.1015828324435 4347.431906272766
8914.500513347177 1507.1338179025163
4152.974848372139 894.1374359811183
8931.505546375809 7997.306040424495
3349.0461609037957 1639.7987898999256
5351.450613895204 7254.650136738514
9670.551593124163 3906.191880112363
3223.299870358005 2226.9108756167766
7596.8639801579275 2892.3604282932547
4388.085259261973 9452.42282009036
8792.26632176089 1794.2292866603616
6604.313991466652 1676.637158873956
2408.486200845833 8778.492029512028
5811.319172629446 5682.917493506563
1353.6011220505916 5128.083154190155
8861.516884826066 974.0652468667232
7917.826399755741 9178.117651194572
9288.680283658588 2145.391819188889
9393.273716718879 108.42320581226362
2623.303125319575 4881.359594738172
3402.0350007964153 1248.6249830108543
6953.274347273188 365.63220977455126
6924.062540225566 7090.141539892979
7176.444558344421 6361.647375844236
8126.494353703739 708.6544682444107
774.4220593757323 8092.679236353466
4689.748435336033 2543.574447386208
7871.1950482254115 9944.789054676154
3624.234250306445 7670.53803837893
5021.913698992257 2685.3608090528437
941.5253186330352 1448.111526251331
5783.44680590417 6062.59778071899
1187.1242665916016 6340.507861441507
6514.3742046018515 8131.833039251394
5194.743952530522 4646.7671767425
473.0087249905956 3496.6703268912024
2472.5142366142095 140.92345720329135
2062.636296219056 3332.278286143735
9329.664385658689 5588.964515634853
2374.6331638921083 2377.950053949501
6621.67183044148 1542.4536788749765
7775.9142103105705 255.20733614652903
6990.135455375731 4263.776923521687
1491.7508401512557 3726.6770417427033
3364.683049467073 1749.9266809810033
2271.505162078646 4582.765336841643
6911.262179468776 584.2009987495211
2643.7158455962917 2983.1810136410663
8633.029060193434 6700.305310009054
194.17698465120537 202.72197767130962
1936.888776327732 6748.8487572877675
7879.285955604486 7414.737974357555
4102.313559561789 8360.01121463071
6527.181154785007 1637.4071929410416
5443.271755228807 5262.301045160689
1724.9854276751153 5482.388930202012
9273.256806027706 93.87757373275684
2789.565907282775 2456.7137929431483
5873.617022436986 9552.316387213727
4937.213060557622 8210.37943993753
1315.5741483769034 6215.473944625439
3105.920514429884 9469.458247645254
419.9403641972088 9431.597292939257
5957.2323423756125 3273.295176654075
859.2804560280942 472.81365730868384
5061.578585454586 8798.162212468678
367.6814354848068 4083.2432880584356
6990.609717539926 7099.16038577836
723.3759763781167 6663.241280794567
311.31278066560685 7471.8096143357525
3691.7965943947906 7886.24192962963
1132.9890700749634 9198.099042214848
9944.220361815956 616.6789115952176
4749.770543608745 1415.9591375938496
5460.62020222653 3497.5176297658572
9964.886523716572 7468.624815058414
5501.268691070599 903.6875255576216
3160.2307588286726 4920.21166375085
4600.407027484427 38.41443398935218
908.6815812277227 779.9309514392239
1478.6022211389381 5230.745203701123
1296.2679548861145 9.492217322147889
305.05104430161856 5525.2173564360055
8690.281281425834 6842.1571800722195
6569.579768945557 8787.897383473039
3995.5595009442736 5998.201521058316
2097.4989055301817 3858.5999936473904
8114.783361850161 4292.40370403336
8311.773538853398 3461.3796488763437
1084.1770114387007 940.6461996873505
4110.387884887115 8412.600828751898
3437.43580518863 2753.7895272907763
296.40949568366494 6145.401761582576
8876.401288040941 1338.8550398727239
5851.130725835678 8861.283115408902
3995.0779514592095 8113.321504738289
98.11414800212859 4044.69572511974
951.766639463032 1159.3561967645483
1865.7894352202575 9952.54705458186
5783.910780847509 2044.052654060291
8860.203553378133 641.0816065721592
8267.468643445127 5568.024059298913
1813.4899914801772 9231.83224800486
874.123564545336 3630.013453815135
8285.230296577889 8385.893148533785
8162.233578347432 3366.8039038918773
4295.625815908406 6245.048599857127
6698.118358966462 8882.013371144187
8764.8084191371 1729.0161097638124
4242.926030240328 1040.6397942605572
9894.360661532028 8109.538209864187
4244.65895986145 6457.5799162796975
9591.849514037813 541.3968763327937
1778.7172192032997 9244.290090988365
6296.060312396624 3839.7539930576295
8696.017860050888 9594.866590743903
5899.466759781155 9914.239250864006
349.46526805757384 2728.5214792460856
4303.685080442371 5784.425848253783
3020.5246962409537 7163.770784759382
8998.464015265983 9567.556125786341
9863.667789537727 7408.153301355589
9403.989671732394 3060.531703705551
5278.64100061385 4277.372338935351
5955.065006424353 1257.8632780043108
6825.016328464816 2085.155518287325
6036.855271433517 4833.87098319368
142.22606193410425 6256.179753167106
5666.434313415321 6960.933859973571
8211.674805585882 4479.979222399216
714.9529477747285 6245.848645286447
6603.304335615424 623.1462990898596
7699.796904198421 8891.031339021516
9802.97169296713 51.453753360853895
4534.57126050018 442.02807382002993
5666.5852384568225 2364.3551330147284
165.6908545104241 6664.703801130124
8055.362400683173 3699.3641797191367
2804.0700474038194 687.0492599379063
4375.723470656853 3255.0644588374867
3115.953259968026 4118.289986751169
9695.785740221985 7416.80817678811
9304.897776833086 3025.8565757522647
8902.581421039255 9976.94711812145
1863.129111172147 7287.82340699587
1408.1026586387968 3120.0566912477934
227.34776769624654 4119.033561810481
9807.219764788431 6329.982124281278
3253.39144585565 1557.1977587788078
5757.190467101234 8896.290438924798
2114.0948843611095 656.9332142949224
2851.0050479391634 1081.9874788806637
7819.102890415709 4554.476867433545
