120
2765.224569631076 1124.0656375341252
1017.5126012501001 9909.984477185644
9187.126150464379 3759.4999852418355
8235.89291824478 182.33119909753404
8535.595821378847 640.91469733507
2369.4512188251647 3767.0170290337824
4327.202141084362 1538.3532563566737
6655.839323511967 2254.3218162883873
2411.389445374341 1404.933338981166
8423.423334817713 6400.068825543456
2471.0099959417307 26.07657574528077
4759.47489317287 901.5316258493411
2219.1356416032627 6078.727997686512
1122.933830227918 1872.0462892601054
707.491376753423 3403.164807852003
774.2518120987796 3370.7940548557413
6462.922175927457 1475.2130786746343
3285.6418405542063 5568.412512187714
8301.00059507776 9721.295345381033
9433.23906353825 5957.9378416517075
1064.192896238424 996.8769354505047
8630.081790329412 8883.244207090898
7432.0705770245695 3373.621818292156
6612.338688769902 8211.761946522616
9065.972678735152 2296.6912535471142
1937.9105159367805 8534.343758217523
1433.7135563555603 4415.028867310826
7750.942465188966 39.14936953280823
478.2462979845703 877.9024960858505
9322.36371563882 6523.368951849487
3993.5488489754944 9613.87046757309
3625.740625156235 979.7974484258731
4076.274911767085 6117.453841753571
1913.8127096706858 2925.9852618871328
1040.9589600526815 3156.9790047791926
1945.0987470857983 7732.747068390391
6753.505425984006 8612.924666294917
4299.889870581648 5056.873645282879
1873.4013860226262 493.2121589075122
3946.513461693476 1167.6688219823673
2143.8335659958984 5516.310225745275
8908.077209606834 7282.93614214472
3785.9734833879534 6443.52776670155
9728.82175172943 1118.262924674922
8901.084805103528 9250.22820113427
5441.625698060723 32.49958993174595
4335.4485529447975 9133.528587438745
3088.234085202968 1918.1604155092703
9293.645647973652 5430.617315827369
6564.75530864013 9696.638895858301
863.2436289091694 4323.579482331712
7975.548911414542 8498.570288629106
7066.805324315839 8609.247590837891
7751.721329952414 4488.101027760941
7972.532069550464 3215.111167385031
3932.74877043819 6365.882630983777
3000.714384273604 5859.202108139307
6121.408010003093 5883.959840476796
4891.2487778615 4178.598016390931
8387.19283845755 1082.5510586230625
8131.7988034854925 4783.621034043277
6269.467983863144 5846.5144230466
9082.529266430565 1714.0960659657667
2188.2575127697037 8541.445689102035
4868.706787624689 9649.202345137808
7407.248423862639 6359.79561755332
445.9919623465147 931.9550820198807
9497.395231144708 8539.390172242747
194.71218589025008 1506.0717945195456
8080.216589620656 9927.800467951813
5458.506074547422 654.7899257662593
357.5546855700984 9050.914401845437
6865.359410028409 4370.8371673558395
9689.718749519257 5679.943664905035
6675.297039997211 301.16096196951327
3015.694147751418 6690.39045318475
2419.139630186734 7272.983697659701
2138.555595549815 1916.473691946624
3682.2614169111002 9069.969882283645
7967.782136883548 2227.7196713689495
8350.556573126249 4557.906872349873
6235.396919260239 3749.0347002911903
6962.097156498861 7981.850550245036
4635.022524353158 6436.388717826599
7395.457579590069 9299.601743109033
2973.346211272254 1576.579811195018
5263.590101096952 399.11731316074173
6457.123791823314 3681.119644650518
1769.6071859970975 763.3584224579726
7567.577410677983 1911.5319672475039
1173.9730344379761 1955.5325579335624
4843.113594035175 282.15621608981166
9212.910921684455 699.651178240167
1605.600959883937 833.9746524770985
1728.1960951131025 6019.831717086637
9852.982701181569 4472.569575123156
8208.486486839089 5215.500169727694
206.49354072153182 2995.9437333841197
3379.1050591516246 9012.867212045112
5625.978419286252 4685.983895617527
3451.5399499447785 3887.8524138979633
4354.963273156503 1497.5096499459462
3123.4971438111 9517.754467406838
351.21544803007333 3845.634669501966
1739.4383233287558 3573.6358267537016
4872.849143315697 4529.385474100697
1159.12456823559 690.8636651802246
8228.454348062192 7715.659410472563
8500.852853042627 43.0779063552178
4143.873138181283 2222.5259020359354
3312.0186206336357 1152.8512654130852
9332.761308827132 8752.393742692228
103.90766651283023 5889.657620190275
1510.301121828227 8031.697981709447
9758.134364708587 7497.043274628289
1736.8143817260784 477.6341650633598
7907.547324861132 6920.477764293542
1165.100934353116 3536.398003664316
2514.4864990778246 9676.586995483523
4475.743191779138 4046.089424778455
