20
5687.214325143495 3828.689827443369
3216.181358495237 5723.440553522033
3602.4551078906597 6333.637804556148
6871.5022936348705 9823.478814920436
4853.915252407929 6052.969818297405
5905.998873057835 5395.169935692098
8645.232078008363 6379.46788176461
8031.894947286613 3066.959644275846
3964.2848577822197 6038.932373822038
7960.38172497563 3469.181085938896
7288.9376794278505 7069.585463477456
3581.8801824947486 4782.909842075852
6873.110927180621 7088.154288181914
4751.993282895564 6243.230072243382
9653.492416525916 6104.896287378343
4809.5340693897415 8216.158305995366
2680.261183224597 9160.550284534209
8602.006439890007 8287.849644028442
4096.579729622442 5649.820986891925
7083.604144394452 8229.585073762633
