2300
7117.553189715315 928.764961995745
7707.920711681219 7256.811315596489
7272.866498284038 5626.959945602067
4396.6452587723825 5575.01028282461
8393.167212281418 5943.947337164603
3535.6273245684997 9734.954937733757
4100.796511060807 5050.470804919125
6599.835641394968 6965.459469704384
6808.009764004645 2061.7329914436477
1737.2405206524943 5654.491464823142
7926.050806178883 8020.225554256541
6463.557440615041 7666.23139212829
4387.702396918403 5838.543889342922
1263.299295742758 7360.648208830071
6606.40810514224 7843.077951981962
2644.0064784647357 4766.743207033637
7564.356239358627 8472.827880376764
7182.669390440443 7997.213668746916
7377.217813895535 4113.038889435132
4753.6382192149995 9652.02772512778
6329.991486206042 8714.109687028289
9329.190848425531 4738.20344207569
5187.352568677762 1254.2338756116233
1143.4143514143902 3412.5375006487534
5809.5819687462035 4590.404456314328
6468.866575277766 3240.007165409763
6554.328623117573 70.15984830474164
3532.36976984312 8686.917399190428
4464.50946992083 9675.894072614637
2378.3190752675787 8592.910339464052
9724.57789226929 4879.606964089732
4740.222927811482 8648.16434708672
5503.255332581415 7548.57286160072
9771.635370194386 3681.7118613507705
3624.375460209237 9490.801881111234
2829.703836009424 717.3674518215545
7927.777507541896 135.93552471587665
3793.2317858106744 6248.849559617027
6317.916611724987 5787.897546281269
1822.604368306584 9722.629490609255
3463.5623572909935 3790.9247335162013
8425.39878571091 4002.0336981768532
2231.013220022399 9133.10947715677
1415.680660605394 8881.9205319971
7702.588232603461 597.7125250634463
9136.673723297734 1033.9925407753547
120.50173678025521 2578.541744313122
5083.151480711125 8893.983799906573
3960.4218158803806 8079.527907083058
9132.130133851604 6908.642902176208
2524.720559648453 1426.5465928926858
1000.1371466374276 3001.813748436648
4109.6031155483815 1255.683829637615
989.9788368167906 6157.094842899152
3706.441388011855 5476.085291878706
8695.555353798665 3987.241318844019
4535.9055499713495 1029.9704419839695
4145.901915812305 5801.9623506362595
9320.494194092707 9475.402191349245
4125.942190540981 9781.331694997063
1546.8194963036574 2211.213061766829
4225.127052975224 3534.639791912829
4334.957387641055 7374.8267180992725
9006.318069054281 5492.645514515537
7293.7498499771045 6739.350745962427
7599.651302146298 1935.5548630357855
3953.7871319564856 2526.6900154476502
4717.281117666944 7660.321165786259
7391.785552180816 3421.3601126434
878.9905142519772 1374.9041136307028
9307.997078871702 9626.32857238194
3391.1682594064896 5812.097262722451
7305.76869619804 2156.946489829935
8224.387899997548 5202.775807653256
1008.3384793572226 147.56558809092658
7008.163852738031 9114.253196086202
6781.69944675795 1003.6381929049077
8669.371907505667 7311.185189130417
5861.0813528151275 2498.352272524923
857.2626959020546 8878.103561457445
1649.6287787148522 4044.7752459196495
4811.851567049988 8981.191492490656
8764.041843990713 619.7569584210316
7390.738230471089 1896.3742764329072
4153.1423144626 2085.0226210396404
8514.31773069666 9454.05406739239
1811.0070584994198 5491.689038109349
9740.73463199522 8728.305456231896
6096.597020290414 2048.097374012454
6397.033501362766 4051.805310009772
2654.4703712263627 2380.035450228575
4036.022674632136 4598.027386646429
22.237454257019174 4296.219079768638
9233.753676204366 7912.125486467763
8773.667368343471 2946.8813264876417
9045.420938728683 6241.279868570039
818.2365626685572 4396.744818999452
37.483461482963335 8615.770751182265
2155.1589912049653 2117.611277300907
2022.6385280602356 268.0648079064285
2411.336131941012 508.82796149847144
3730.124536263927 6746.730779239722
2881.337328877307 4662.555107717474
6731.424343960506 9418.89955356744
4816.27388708488 9905.871947120306
7058.743444352292 7243.818288852121
2522.231820088886 4423.336144070554
2547.1235930959424 8453.681595400438
715.2179732885533 1264.8297918519447
5734.333221603931 667.1196543802128
1008.9961340954112 7891.028820059873
8548.429058565782 4948.2833130307135
4765.981827342937 1340.1347160093947
256.2916458404918 1589.564427067117
1857.1989558126768 1380.7480788959824
5277.582651525387 3918.487436320838
9501.336738595473 25.751605136474787
1354.0111447948134 1693.670984384903
2998.1079163044146 2960.52312295212
2238.871308911238 1926.371044810834
9660.953507474553 147.4616781721616
2663.222575836646 9298.954731461814
9773.413742261877 4336.671872108993
382.30115082834584 5308.10141373482
8848.832991350158 1617.0716637987603
6372.984770453766 1668.5056342839189
8673.551759746044 5790.198987398523
6485.385161196078 1887.9883003682473
5497.578988019028 4033.505126805339
4234.763455960616 8281.786603904036
6879.452474428313 5241.247494203633
842.0116334421147 600.0157727131594
7547.263350676925 1119.5745826194948
8503.375688693533 5076.704974775263
3840.409894591047 3533.6693099532868
1934.1423966708414 2703.016120893913
5095.816191449919 6900.499468329213
6077.578668815197 172.58302151964554
8626.668014476272 6487.27662450584
6105.58079400778 4662.673578608391
8660.543316775691 977.150693078751
3734.122475797337 42.668010140206604
8666.498501802977 6589.342645860235
5470.611624027919 4554.705451401863
447.1825224592918 7613.86829009136
9934.020607821902 6767.398324826907
4501.8632480229135 5406.926495768517
9074.064041171909 9184.119433369631
7345.327142828872 5283.695651905724
2450.3908826916886 8734.533002803977
5452.757921785967 739.7116996418873
1617.8041070384818 1309.1409691092538
4684.4965934809825 4970.7267980559345
3717.3258041690815 402.65658274617255
2791.0504839555274 3624.798011000744
4243.238924898105 7896.446308569816
4316.205469136111 4493.83616277069
3795.449087540651 7340.485311663773
8820.338284889696 201.57267850887783
129.90197508142677 6878.475325708747
6770.093460346859 8476.342153707383
2996.744347500124 4537.238634085581
6727.966032579832 7119.912382257546
7837.4440822958295 2412.9346376496474
4243.898419035607 5323.303082336458
5945.601754656887 1193.0284561726435
1558.070841799014 7987.416608124915
4635.857154813983 3685.7113153848363
4713.450467391296 1520.140849563698
8520.060496523969 6822.934060843267
5681.848499176778 9585.423871301751
8003.865919157082 9265.933033702197
5836.907858643164 6125.767628285574
7341.254368584527 9150.96814808186
1882.513907607869 5041.1910990017295
8091.871751194034 8884.332267545056
2805.82208065959 3085.5328861301978
5191.227272707231 7327.707296684056
4227.821147195375 4954.875797604066
8744.063205135728 4920.092465810546
3513.494317413013 5202.728538669956
24.13248404939172 9727.42547450303
5801.136906682825 9846.293620850674
1711.9407255771157 3562.604736754811
9269.211558203402 6834.56565885461
6130.647938854613 7826.783125044066
367.73979470284047 9859.605105699648
8234.887842409076 3079.8532389352863
8673.724666645172 390.182159208472
1572.2081819818013 6577.492157396962
7933.914179239593 4265.66574796688
1191.5116308581853 1727.9153721434204
151.39230526840296 172.6327045814635
4846.916796979923 9230.77318148666
359.8802388903044 8316.222229455436
1396.7675507870003 3311.0118321787495
2355.354188704648 7885.421029933235
365.0846120372964 4019.3115649401902
4901.9206167686925 2388.4600199374804
4810.36049186642 8553.177702203342
2054.197262360867 2087.0549091334324
1946.5029479107786 5905.04818453344
6130.361633961684 5097.648543955405
3457.8973405100087 716.6867123301234
8814.644854250351 270.47799575600664
2615.8146142203655 8239.941977416142
6628.3042680916615 8337.812192896083
7017.406221936812 1806.7169107729276
1112.3561311118024 1724.1390709586447
4033.3245900561433 3354.79807369097
2886.7456274607885 5571.984405868129
4480.501482887099 2139.553846207709
6198.904965817238 9057.83840919933
8371.636296529725 385.47091548265746
7913.753791177286 9030.028974134519
2818.831986825181 8226.006343024352
331.0567662844632 9480.778460081163
9861.470145887704 5880.629500727916
2281.5828140215244 9626.91592267792
4294.912283500186 3381.242851968358
3807.6471768290667 5999.714064612261
5358.106211481762 1964.314915176486
2227.3095379082943 7972.294741077256
1830.5961034770612 1301.7784735057257
4116.539807815159 9771.876471202972
5229.262832399584 4044.3252843507203
290.1139059923952 6823.313611142549
4463.60702198473 420.76345655597146
6399.400450770723 29.960839249361104
4107.653780710625 5967.079101477625
6547.888637129783 1578.9638556973052
5626.526550691094 2724.1588612850164
9813.023631126349 3771.267890302379
946.8144429963254 6996.19089186879
9409.58397059545 2234.1243232951547
3852.8249999700524 2602.3531607826135
5952.163765782568 210.79303330788335
4796.647535669764 7353.831317440316
8332.653189084185 7163.659841959985
9045.494339448549 4378.202293847342
936.8997783372168 8358.648517181844
9508.914324002033 5621.023073517446
2563.91828102135 6886.596912324411
1731.1594680230126 4111.855304526082
8001.665406449284 6758.011888737844
6990.212794982922 7548.678919096633
4612.077080489769 3627.8096409875016
5700.717117139588 6516.87183460771
6988.867175913096 3723.0052333849317
7525.876284371744 6628.996892791404
6049.11452187092 6234.990914612151
1733.4551228440087 5734.324744026915
3954.3856550416235 439.6962355290501
8072.369996122744 2189.515180145043
7206.121976234463 1955.2978231080597
4514.763128499806 4806.4910992024925
9798.871071323676 1030.8062969930131
2494.3484102632406 4669.0953354978255
8222.080214842324 5481.772661519278
947.2975182318655 1729.9377457088694
2327.5793985860073 5664.584499388861
9660.61685265591 5603.953392696682
6583.486190699089 7935.048631491972
9411.30758395219 5679.690258492556
9862.595008006452 6425.490934239466
7954.132982547389 8859.9801526736
3367.702660232007 5544.996052667417
2178.9118445806475 1762.8239376728893
7009.787450227087 2512.8906503226876
7521.111110779938 3203.8164923430613
5664.732298125394 8148.126787170145
1430.6743956828527 1549.6577509099363
1001.320779171685 1745.718192057758
8783.892648606043 826.4174851836758
1002.7725969733292 4802.553311699245
8239.889091751547 2934.3997294068545
9238.935620358883 3262.7608565991172
258.9037281740547 2880.4341511759403
2800.4510271515946 2030.563104355404
2093.948696576581 4050.571114001893
6575.942252822374 665.8702320123233
8736.589405682387 9180.629770009042
8843.257896253672 8390.695504656858
49.52101072045245 1743.228874748698
7123.966954686416 461.31588666293743
198.0716516653136 3498.515185893094
6325.452896603758 490.98276785468744
8730.118704887844 1632.0530828033452
9917.794228672607 6032.043136104044
1820.8776824399308 7282.959168365617
7717.7523531402285 4611.4849724216565
9375.085811207013 4214.834707877148
9558.753312744575 5548.335583518598
2787.316628182952 3837.20262384911
4401.680218494416 6518.127059530683
6139.134674857569 3495.168681856975
4294.995627227772 4728.906575696547
3795.062530646741 4673.369195896618
940.7325098507268 576.495562029341
4933.579774259342 9032.293358783909
4808.450240402745 8148.677014183982
9092.909787782915 4082.7730986597744
4691.882211196553 133.50562471395767
2500.018454396931 1869.2270074044327
6025.199499817031 9598.834863955328
7882.0972043947395 9334.829624105618
5265.73255513541 4649.354195884959
9475.172812277235 9964.289122553637
662.3668613309897 9176.100148186222
373.4104016204798 4490.151951979873
2288.776970336185 949.3442053245604
610.7024541701122 6617.081814609093
9021.11569767844 666.7762038977331
4902.560737799744 8863.768968106288
212.33212296875914 3547.8824657057708
5573.900499321265 9293.733250794266
2979.9656701150943 9259.542315410228
6815.834292235856 2413.506029393074
9744.541209084751 5664.216356108896
5812.896760741024 522.3579293224844
3661.725946028466 6409.090108056693
1562.8734512204844 1623.6798611848235
3876.6608027456805 8663.226191793447
6465.7075057331995 7042.147202268001
3520.7573615150136 2197.1370810041503
4347.110539431377 3793.0579748280734
8650.842585419281 7615.921149203187
2572.3199964623545 7240.484413776133
2191.2303620902762 5308.017569787017
5338.442317937218 8062.765800148785
6325.454016586736 9240.455417719915
3309.453733138602 8169.958769562327
8048.0615781134575 5935.811931330222
6317.88433208577 9063.309033110563
1972.1055756662142 9932.094682165329
3366.641212074616 4810.454982633047
922.0011341951918 8309.11583709354
5780.186682556648 2982.578613398944
3801.785993982152 5712.096573493216
4025.004348847848 3271.164520561238
1728.332442141536 4417.424361974984
4810.5752776760355 4616.18065924453
9021.952061549908 9236.29280686645
4046.6056230943327 1767.1775385106591
3625.1767972761504 6301.7352040890455
2453.0900200389683 7750.064317902772
3344.6588774700926 8795.81800915618
4875.106820583977 2831.690295153587
8046.308326054159 1865.2773359160801
4991.423627552438 8429.33957146388
9483.78099490805 7274.6406975108475
2599.0193729297093 9111.793980393915
4361.72417815405 9342.456087017297
5631.58211779062 806.2071861849407
4285.377292185875 3639.568535442266
3699.7486129132385 8660.035094596504
2821.9051525810614 9756.984934507715
3115.3714916081767 5510.448962407064
1897.5978057851673 3721.1631405490552
7409.813139711739 6338.937599412301
7764.729137055771 9314.116544358916
1319.5124399766955 3039.6750143176564
9458.884257188856 4468.871754902002
1135.8323435470031 9331.940379993828
813.6914253581162 1380.3387358263708
93.19755234221128 4313.2890127207465
5769.728841575377 7812.2850276677955
7793.754638219625 9453.079339863962
8081.032595693789 181.85534817033
9283.197492001098 6198.443320881614
7475.420647575161 2363.295299061776
3038.253923631774 8282.999005864938
3215.479896386927 9433.812493936952
2099.2990338457216 9176.145041245756
1342.1629314770312 5351.866084531261
2710.7018318915398 1247.8186315186379
40.755640079369606 9459.9485080019
7408.188217705577 8862.224274532433
5809.890437393175 772.7071734371915
1662.2343121973793 1411.8529288178129
7958.783995203543 7725.395777332837
5229.653783935316 5635.253050359973
7646.731284486531 8380.784014581051
9300.49896114275 9423.74813364639
6949.796025376708 3848.389967748789
1855.345430812826 8077.081079572355
8819.661265747098 5001.712048435619
1686.11393128689 9867.565872580211
1265.757434960727 9160.211356298481
3421.25268485026 4060.7294055842603
4025.9292585181283 3403.7077948208903
7729.411208568424 2530.9780268277914
186.93267398910973 3878.9093015290223
2470.5651601751265 4963.169110405661
5099.868941779323 5118.21707851823
8017.420274244945 1975.3298822297172
916.090727920057 9974.169530611514
4310.338034225906 7396.098978212389
1313.1900123843209 4499.236707172385
2685.275380795753 4281.262184066017
8372.466946105185 275.98371202611884
3752.3511642645467 5009.537259198504
6480.407006820247 4809.772985434482
4238.678018207766 4002.963809836989
9150.82747025827 6640.89285005153
317.95056555997127 7089.948792307369
8077.495880619266 9585.27202549956
8138.497291263112 6944.678945325217
9877.56204779058 1278.6479301513486
5171.73855605292 6933.289980594157
5056.010445783648 1578.428882960382
6309.887157485638 9292.327593479728
6706.516001102339 5102.063537280276
8228.164177833793 1722.78060882887
9831.638025624728 1135.5552329183306
7023.093489650999 9986.023883045344
853.377825442454 8183.169328864247
9550.517315180052 2468.934535212808
3277.389800113779 9549.014789493673
7938.030915539357 2939.2060050789028
6725.110664816024 1045.9449533702214
869.332369808743 4372.34007235296
9342.664638552767 992.1026433046043
4000.0106347533037 1288.6756250144904
339.8786279757016 9632.889711563199
2597.7447079563954 2145.7894480033015
6121.798497564602 1401.2494413610332
3116.2195681356584 3589.239106223898
5000.636711554479 9092.022741729252
3310.842393134359 8421.398603848691
759.6114627764306 9667.165886013161
9381.8589977902 1632.843002972979
7780.6489872863285 5158.010428568632
1807.8836973620348 5120.5133461257155
3403.789895651652 1252.4753330153283
5756.994157694297 5531.120344006024
7934.28853733253 4540.163766789374
7133.036848839705 5857.603480551908
253.92365483108748 9872.458191896201
9359.789234713235 3627.2020605832313
5743.678894307814 5512.649509376032
5865.98816507716 5348.555731079545
6412.435763232277 1113.8397308261683
5688.427701166019 6830.842902465261
7902.356826203311 3215.5926967176783
9048.774579579109 1736.2978923960093
5761.663317488695 2013.6541741743886
2204.125196567236 6972.65429593378
8006.00791053352 176.8203809120794
92.47391223193956 9317.083594487696
241.33850745596152 8062.878823393827
2791.2037868022476 337.57922547195784
8028.8935243617225 5900.384283715828
4416.713355213181 5099.304561164023
9954.657965308706 7403.713121741167
3677.280543698637 6836.582940913205
239.38891231592208 8340.08447431405
160.81560767825965 1019.7410613603807
939.0738064398041 6983.047544948468
804.0089803729201 7966.340507864126
6901.220926000744 1890.9708011802118
2869.324677925953 5359.996219802549
805.0734778517588 4382.2553907292895
5232.808383334623 3586.0119058050277
9495.433010554343 2464.83724066943
3840.677307081397 4599.379052021576
9072.492047180831 2837.0307552363806
7265.3139396401875 7668.986674711429
4931.5575792943955 8923.529730443313
6084.763021826748 8492.877812161249
1174.0952751520872 6369.684669078988
7276.87019044136 6412.608045788009
3998.2940430930003 6436.336398499066
7503.015410434822 3836.2202336370733
1032.5291155389737 5898.957899777734
8511.95976278312 7773.260457259352
5157.4215234567255 5273.6561224497755
9083.58031920323 961.8749060744647
4963.224349449046 9820.344947150752
3318.541266943661 3809.6762090885827
3819.6102326444625 1349.6524490404793
7524.648061916351 2825.933302516044
2161.2952282189326 1482.732770986336
3074.7907222043305 496.88993833150397
7858.137521387646 2835.4532858049265
5489.7411805813945 3843.105329387825
6934.591628299452 1870.3644007679354
631.5512869491869 9370.657219223476
725.8781142463866 5864.355876067737
9230.443463694954 2713.3990758058258
6641.071722291935 9337.824835752439
7608.905607434995 3411.108915545472
3080.0197523734387 1307.2297551987965
1613.513546415395 2618.9490808402293
726.7974992447479 2280.803978732695
3056.1721527877903 9417.712398592672
4957.836318523097 1585.7297964332417
4631.460251564939 4081.8872393875217
1897.533842066983 7764.971085938059
2325.1758861111916 5206.344948117866
5369.757877830045 5685.2118521579405
9069.294483541218 8883.401949954876
220.8571538466364 3732.3361931316012
8000.620014050534 372.2052401351372
4521.536313695334 8360.918859567762
1947.1267660825952 7804.614553748062
950.8289635444967 6147.542275801658
2404.513590213615 257.17629515550897
5655.823205512857 4333.829590526091
1396.8098811644602 9497.491894495022
367.78600884575405 8933.914037509985
2062.5505656539444 3765.717534946681
7801.652165723619 984.1947695690245
8465.923273637174 5745.681299587426
8576.54114134847 3854.7180813669424
4980.906130594411 8871.96056619319
4899.618692037162 7252.220125841139
1758.5789249726258 7554.673464879223
6962.079064622781 1305.0380213694934
518.2775495501157 2335.464828313162
6212.696901866676 3127.0045285832916
3447.243931698044 4286.554216528771
1987.0057235130546 3633.520743332701
6900.473050336274 2307.763676263137
1250.3328445168015 4119.472361888861
5987.52978020165 2890.7400121704973
5614.659344244043 3346.157353690875
7701.520251952667 5772.893109453
8362.699608072515 7611.513389760954
4908.873783445554 6115.857360595508
9897.09489588973 9394.54129377906
3451.6078751526193 362.70690996807355
2171.6189894789304 437.4657385159642
1040.8218574746254 1372.5933941410628
4563.924236990485 6399.279624825098
4338.6903425854525 9798.972090812096
2575.5953658490293 5141.884241303775
9695.80035498672 260.684278117026
7219.778018756696 9123.398900319928
334.78476283579363 4061.413681039432
8871.591732033463 408.64429268210654
6041.440893748555 7523.915669391908
8867.455043566353 5156.256222929643
6320.874322690332 4148.151851091569
3494.113322258744 3587.620522799969
2391.082794460212 5720.3548203358305
677.4276630975984 4008.9073113515174
6357.328803157929 6441.952069967001
2617.02760822342 8422.71352115852
2403.1387877549905 674.514452271332
3335.890940453898 4831.864168298421
725.0797006609533 1727.2241211546436
5722.9078141533555 552.2932496247446
546.5799482595945 4673.477713913568
5489.613569583544 1414.5863545797422
2484.3211043149417 8728.635162139035
3132.121622022809 8640.971235519757
172.14031886283675 4134.822930825466
7758.0277670005335 142.7454390533478
7495.127300281017 2478.4544649680297
3307.217639306843 1557.5108063907662
3125.481746084432 3637.3167370764604
3078.6430991569923 4978.417501147905
9785.343808545413 9661.60350377651
1041.9308433871765 3768.6441285153096
5627.082703650726 8277.003258420038
9062.396443858017 8926.74352932106
7777.05767937979 6254.53311940976
9693.179920422683 7803.104544935983
7682.25402087925 6775.727711980919
4498.926502306059 8210.994393332528
9357.051248944805 7018.155385544555
5609.020652881713 5791.840437456016
7395.846295085719 2137.736308734309
6854.717475685004 1545.869896904659
5419.021148712648 3395.243831979957
4176.538330135611 5096.340242129282
1219.246267051437 2761.957937719267
8907.8612004206 551.026929683448
254.79297168653824 2483.5317853513893
8711.837765061775 5418.805934976334
936.2630578232045 2362.475646601907
5509.3778720259015 5133.5295275481485
2815.665088066962 4040.8403036307795
4355.278628877978 6108.233754474894
9333.566981501099 5677.479832305498
5257.791305619232 577.4345986361906
9481.89535226994 6354.820934969514
8124.39868767334 8928.583285081788
4199.514069944442 432.8975226117815
7660.632255222365 7682.7004877282425
8023.136587264331 9998.021683273086
6110.228106107086 3512.912236540284
2433.1715409776434 412.5046491485074
2759.596940930895 7613.715415450248
5829.798159663422 7987.270019226637
1931.8229580971013 1640.1183685214683
68.79092429071699 1814.4157426166453
8843.000549025133 3152.3302108521634
4269.181950252371 3758.2285865493227
4073.292713599178 9505.087692136538
8335.798436060255 1502.9629781918386
6208.199764287095 2600.0461379212734
7459.740379414153 6484.904846528298
1026.1691928534244 8529.634481221015
3660.20753577765 5391.80207217251
1377.2647291168648 7131.9807022557015
3030.378730194828 5000.059966938168
5369.966981712214 6992.165662181419
3572.5451323099264 6675.387872877452
3733.5581690666286 8495.23800143548
4279.755675440769 2618.986806973395
2942.5678914256414 7110.741312247235
4524.284317119935 6051.562416828512
850.772276868812 6951.914766570455
7743.3797229049 539.9785627725884
5249.321286490388 9182.246771436716
8320.506542539006 7820.642287124312
9355.864222896329 4527.579380203178
3852.1300262944123 7788.743796814852
1514.9955288505323 150.79311501361659
7033.60941990609 2752.9275313433977
7530.247912773177 7550.932966550752
415.9245860130811 9532.945881374577
7533.399440681405 587.8324828272486
585.9737512661811 4146.938874310789
4489.487263172328 171.16357602364073
4560.781586556684 5363.280232740708
8397.164309564894 8849.482847340538
456.76788099777156 3385.5455981301698
2601.0175209004306 8806.860589493353
8394.481865343478 400.78675462149937
7629.836637840983 4167.523661412406
3543.486431239656 6830.029071879494
4464.483347173515 7925.915984362898
8855.282622418716 5610.86623363283
1689.0171064435244 5621.289656421552
434.9121333767636 1495.2076229518007
9178.812539743907 3186.720822970408
7304.363801695648 7097.777560425523
8513.36846337936 7051.308371991514
405.2480863024344 9315.616118288943
8567.216133122265 1217.899884115483
7809.923131331786 8068.909852165087
2451.106760662326 3624.126630665868
6164.839640116845 3479.2981535677804
5921.993653141033 6709.131714441354
9980.541719972867 5581.439681008128
2910.4690259438894 7744.558224436755
6930.75207686698 3382.598546454821
8926.694073266106 628.4783929728943
1775.0587011671294 6012.373034710918
6982.771551911168 4214.656123977349
6997.2505230734705 1290.8422087702497
9016.421814494053 6300.246694562266
9925.336771784947 7808.189311492896
5329.369009382881 7573.820742372295
7436.464445234777 5020.218307285236
8929.354743383807 7703.3454591440905
9894.873462155681 7385.211810227773
3023.469711250748 7793.428394398543
8103.295212965407 2322.465915361923
8089.342543563166 1735.0077676444052
180.64537128241741 5036.621205445262
7014.941840428302 2563.9932687666824
7976.809506480073 7678.457926357244
6217.498644483642 4842.217430226881
19.57357334911758 2781.741270330492
8466.777734933954 8867.971389718534
8690.983839251236 4051.665157421749
9870.791944412935 2491.1588812223617
6546.269843077247 2718.025189041515
6567.67428542128 2004.210182961591
9271.664307773282 2040.6049920257342
9672.996418135825 5699.684582456064
9327.74875993841 7143.972991612511
5407.396889318429 3396.1303965304155
1638.9505648058434 5936.831579924436
8009.791426325548 1267.0212876667497
5620.738560698064 9317.11870053371
80.49651618973198 4325.222133153607
5450.125799467381 952.064516658041
8329.570609685723 570.6786818093701
7149.573234529089 9415.956397183112
4066.14611112023 2336.5038703799146
3747.123360467032 4612.094629788294
9677.97029911186 3356.7389465982424
1390.4135560215625 3505.499673470378
6456.458884201289 4545.324444302591
6972.153915773475 4423.6227556653885
829.8989485569897 9713.314281915666
8060.00293460866 6281.276642108651
8896.948156530712 7468.78776992017
7066.418428799211 8303.352201645208
9483.86546334399 231.52339412259582
2514.645850158043 8184.478928210153
1216.0987113674737 6217.012553446246
4564.114535492649 2422.0248391736386
1004.0377979470172 5392.8746330184
4237.939702137846 1858.3801874923222
9086.56997249149 8721.836960603836
4657.375635959701 4279.208047012663
8449.581918328953 3047.5954883224776
7903.746897968247 3672.5356404570307
5701.621352734175 7918.08956883452
8259.794554322489 6928.347288072702
3172.648338004571 7341.118314505353
5409.883188440299 2918.7273202819474
8614.324228458167 8405.135677112292
5372.047461770249 2575.441430121105
6705.522826055524 3734.1761519832726
944.23008697202 979.7127637965774
2811.195268001995 6539.530810008137
4776.321722462977 4580.54559148364
6044.514412630444 7645.685059584633
618.9562535661842 5152.268041000165
66.5053077364064 4953.86925073822
8793.083436699744 3270.9476360941394
7402.392328657778 3311.7418503602357
6609.92846032756 4643.166439007533
500.9440061889381 4315.732924580099
1011.929458321944 256.07856207905286
2903.014680647664 2509.430036827669
6816.333719408993 5449.391187673295
4080.3086942199507 7844.003533684886
2286.1983412043664 6657.087501015685
8180.088085647472 5990.962148475433
9168.091032280216 3331.750343402475
882.4750468414488 1876.713762038067
7912.0118176882415 7070.517600772845
4616.872590863569 7279.200102620783
49.04861628458046 7086.355565326171
5583.713510699113 8112.51322939382
9736.57709516818 4836.1182351330035
9898.675636492102 8841.775122600944
5940.115589763612 9257.723929968528
4697.3228999291205 6622.325898742663
3880.023005388037 4111.740624021814
782.3003111233861 6931.505462936211
4302.546342318979 2883.424599183485
6705.6298581793835 3725.495882962848
5367.979047774113 4850.120821962468
4292.127902832297 8431.700302670459
5892.335248346644 7257.185020427054
149.89969936964442 9191.872420142958
5882.6166496228025 3387.8334026732527
2148.1747184641044 2062.1180406990015
8765.317629965646 1412.499962599415
5520.366036538513 129.16577501708937
3478.6941890817234 9262.660490736693
4678.886023147549 8258.868800417118
9404.311058533522 3394.7440071555025
4961.871753711774 6600.374231762308
7330.612782244381 8377.499911816416
574.3713025148489 5511.715427379602
1022.3397840674464 5817.1699110776535
6572.646800574854 178.51693146884284
8822.205668954752 7544.607728135541
7121.022781341672 390.69945610779143
5430.253623295883 9378.650095624715
6837.36768868328 9525.065220975772
961.5184376480856 1871.4365684736656
9090.323623433742 3723.5684679508463
7354.716955910549 2110.1440364962464
9692.427581105077 9028.242695525816
8586.172690194442 9233.996500257388
3566.935887234315 650.6874188186118
7446.333438620461 1966.135641505725
1514.9443086163162 7563.721915898013
4710.040484327844 9175.034580840707
3546.3616578938772 9114.761562539345
9015.053276613933 2740.1592241363924
4892.40810261101 9747.208586424582
6764.601092518156 8925.048519972705
9860.114198156602 9488.676672263788
8582.478354401464 2113.213427704659
171.07329039701358 6800.6164510996605
6514.217642827061 8656.81920969867
3150.561299586665 3259.3286582147516
5291.300283262539 9252.464925697197
9598.24845096917 3267.139214767847
8822.96356833746 78.66870042740447
1118.4331801874282 2305.518548039096
6189.494169601941 9273.243312622912
1570.796237414248 6851.282252081825
8075.087539975005 6213.158114517691
3795.486849084986 3749.580440515039
1293.6396777755988 2377.4663885009695
2474.9780597037397 9290.968012444955
9488.603420533818 9177.325937586687
816.6649342487231 9232.735199773006
6470.073635837495 6252.318652175678
1232.577648345925 7999.555470421515
9011.52584764764 3763.238598863666
8954.039710517256 3294.168824003468
8301.940818984314 484.35560427867455
9823.345939472476 9424.370756025543
9924.307362741096 7551.382283651135
4098.083795932308 1287.3169397381912
4706.877611015821 5944.988921899352
812.3066323903383 2943.0032936911234
3471.5407039081083 3865.5178163892833
9109.93082463781 509.176242278393
2640.25584787399 2412.421483604056
2420.127302217723 4928.130222310984
8660.408277658877 6456.763561865028
5446.499675546264 9626.28995497145
7794.405391729248 1627.001380528531
6612.616763815206 1809.203291905237
8574.261199883862 3395.1805032197344
7591.311242782553 2710.7528591595287
7113.495098174709 4914.8666255054095
4746.534533990541 2015.1099380602866
2202.5835234949163 6028.1699751107635
3053.10600839927 6715.434686299603
3003.9803361962236 1418.3824038213454
6164.5193408132345 1046.7012481941574
4190.369228796885 5307.447653257379
2656.778447242587 9862.464461447371
5023.770294133152 2280.9367157301986
3534.3816048890044 3265.2348702483114
192.95407504073214 2467.214912667455
7422.556273642039 3159.2777875631296
751.5609459683936 180.63843678088
2179.0035820303024 6332.510654925554
6243.542109349759 4082.0894967847844
1463.7149849917541 8676.384107999267
4790.510906700732 5150.685739910893
9054.125291411887 7980.623115551707
3025.645075907819 5737.322671400168
1932.314959017074 8801.86675285704
4945.989117669275 3349.5073507187776
5466.671738374126 841.3072609976014
1552.87816524592 4229.64606329823
1500.038521686955 8637.123650080468
5818.918365838608 257.40258171718654
3423.6998716739354 3175.66523337245
7862.170566084728 7956.555704611293
3629.882621067303 9035.775678939583
1694.5446814034049 1756.8658160905527
4444.971727582299 2202.317222648905
7592.843485853278 58.5953097244174
3303.4431427451104 8457.942457815496
5598.805108131023 8975.562149225718
1304.4693238176208 6659.747322751034
5896.170286866289 9762.801391715173
3213.1743652775704 9606.497774055731
4267.5550779260375 3245.4424852688644
5616.2373725564585 2198.1067028778857
4852.83745806596 3824.0125928213997
4610.70434854659 4304.163774370766
9135.726488016373 5095.977777029469
5072.7994078284755 3018.4383968831585
6005.681040499885 2741.0665324490856
8341.263617929873 4193.3273056241605
6706.915933731646 4824.55215612722
5150.962527161489 8923.20577846265
4908.86569754437 6613.301458554162
3320.5543757596665 8465.739117349462
5269.180819007812 1140.0932839610878
3119.1674328775375 9455.902183487378
6533.869452207773 3931.7687993321306
2099.0138088498866 9233.579265723567
5454.928870351233 4798.381862954373
1349.9469943172671 8124.285580801696
9306.983577214805 2233.7596671254846
942.6106277278135 5573.792004828449
7547.065495386022 1657.9563564306688
5369.852322408961 6474.258637342931
5086.4925067278555 2476.362944447286
6724.448494641494 255.6241159292716
6302.411992538568 3990.4716796041284
1117.5027383379932 6292.761525208835
9495.370092081295 8930.293170233359
6107.06667874148 4495.726657288208
7879.426288139307 8332.100192247928
4593.100967131164 8391.328967424302
4877.554791168448 3646.229400809421
5221.856949922143 7767.829072602211
5114.530743597563 7897.519709991001
1673.1015326399502 9292.758434022593
8326.549898613277 901.044091946015
3647.118419789379 2202.376296365457
4226.864044539095 9738.203395783912
7860.92459693268 5116.352870380229
1651.1254669196496 7251.1710647075115
4445.491767212409 8880.685117965799
7994.992567112799 3789.371786836104
4160.045561354971 7288.969055318776
7258.139548775255 9082.742423469117
4213.314200270231 5245.005036171165
3284.865382934381 1885.7427228213862
6144.835020753976 9693.517508633942
4064.5422633686135 5100.336784435455
274.96619960761024 1262.6962768242988
3662.9885413775487 1649.4649041208554
2892.015581328179 4447.763699286874
158.95724523995904 5246.52692287167
4224.767993464403 4388.603832343037
6319.384901955165 4826.968750711697
9151.135207664522 5142.122980494295
4644.724325522751 1998.3214607725254
9213.503505493998 1466.4801814912887
1430.538161656898 4054.480912268431
7904.24141120278 3717.6721368196986
5299.39754291883 3396.9581630765465
8754.298514855127 3107.57783002056
2404.4931039836847 6747.507750763033
3190.6899585113824 279.9701486976236
1176.5157024085315 7848.327441181333
4255.8513471175365 5029.575750837451
7666.4873612186675 175.83165738780383
4909.688740738308 2661.2811754554386
9007.034247096843 5187.1022147174035
5674.2574855161665 3003.0934914053278
2331.6655346384364 8283.5821138196
9647.025395918556 7983.993658949185
5417.2899783675775 9748.212545324097
241.0060963330285 9930.417381833557
724.2012044467372 5643.1631588566415
4499.631309809147 6977.951298987817
6529.795522842004 6273.823029778957
9286.099480591669 965.5014691952457
8015.971443135196 3110.9747123411325
4966.625551453583 6300.406312945877
6581.537531650493 2097.7865364012505
3447.0689980418524 963.2604208512441
2516.959702141842 6977.3652940085485
7860.364336953883 9343.125121835501
5693.806877826822 2904.975594889374
2575.4663753541586 9179.480465803472
9819.369862892043 4200.9737051184575
7224.572924631118 1009.1348176804038
3298.8695693115087 9323.88467714464
5809.828950312839 6956.227646089539
3847.693009958972 7984.103452120575
8760.812935854616 2576.359839600857
2292.7506257619334 278.2876331716888
8832.054527433045 4018.2436144425506
8481.960809945764 8579.256073387349
6557.522655701347 6990.263282529529
3487.446529121667 8627.179630447115
5458.776900991747 1214.4210432442449
9513.310434608164 6852.162311882634
224.8940066221261 6301.160586713368
5718.409084156579 774.8821403908179
6755.777002561314 7418.479901841784
7011.3901303741395 7616.279344802179
4827.962112617063 3344.45355486513
1920.9370486691191 8758.270035804097
364.38650840230457 2109.7745876476306
8462.369794661983 460.3326901673255
2942.463603879839 2059.055841575913
5401.657863581069 1343.9708838431663
1484.0899908456595 2327.6142314578597
8455.50291065655 5900.56176611928
7699.763661983506 6186.366811046256
7760.548468215832 6490.408040754452
1828.0089265130027 167.7764146550742
2985.834812156578 3306.900318920678
7879.001077504583 3280.6452865575784
180.51674203805823 1998.915451903386
6769.577339332845 6965.704850731447
9320.836623270356 997.3499286098842
7648.690818705397 1583.9479219232744
2623.428073539322 1391.867235989348
4380.483120889821 8172.245603715143
9809.121212166563 370.52604588984406
8574.014056256528 9509.516312250267
1768.855085490315 5346.07849294723
5143.606010498608 7170.2731990681705
7115.715122796157 4335.132762907735
6890.453023927195 7754.396064365743
6929.459366564795 2057.6607066586707
9415.938631048675 3868.882164455032
2488.017256767132 5539.693429498828
1303.3839858792373 7644.350221721264
6652.865828040125 7080.431544865138
8565.973695654386 1652.278721683198
957.8618927659433 8202.045559421169
9554.931989770197 8047.775797907067
9102.557245097585 2419.230377257935
5217.273759164971 5550.213438614822
8759.047821115642 9696.603949009375
5901.578536033936 1086.613143632399
2878.0693881539455 1759.0787629658967
9780.412070309987 456.71969176410477
1451.6866125226168 4885.90323969527
1218.0714573125217 9408.958663999176
7924.604775055965 2389.859684413852
8099.83512932895 1053.0115049879173
610.9806435326382 8317.58143963928
9582.333937225389 6896.772382858003
9621.98541630965 2919.348868301753
9636.712817655287 602.0067579144484
8941.027998190766 2324.6302368062297
7485.1915086152085 5295.182792220796
1116.8414236790259 4762.473978766807
8679.14280135692 550.5531611399439
6084.7376580742875 2020.7500328601657
3385.356301674148 7206.352546058853
214.0648880197138 8640.19277086304
1303.598976244954 4117.212299267266
6528.320388819367 4742.797422997201
8820.90623125847 2391.1904654734362
7405.731441342961 8414.669019605179
4677.168438447025 1482.5853332597094
9859.33640259687 9033.474424374946
652.2814883272554 8021.878353499711
3493.0504574894885 9693.52630288142
1942.1235462744935 6102.555750949546
4568.299370292906 2191.828065597049
5542.185175767659 6913.578481800418
257.6233954316287 6862.469351738592
6692.36913954772 2463.8421501190587
4709.692730244197 3681.5633073813224
5030.589768677714 2033.9067514088238
9221.076790466555 1881.6088457700953
1486.3683759932178 7711.711796025808
6337.545691647902 5036.943168139353
5583.319170934495 7079.197167866206
4014.0665935005272 1095.544832132097
273.45408905231403 5894.066015037076
5903.074752425395 467.7807427204295
8652.430624857407 7558.570847892071
17.402287429488794 3693.957343207669
1584.898835542622 1336.4487547900094
786.6124425967702 7253.757279283944
6678.286043334268 6278.716288831678
8607.90492380941 5001.373227259316
1607.1262459389445 8073.763109441241
1844.1100873803973 5526.197249800736
1108.6983475634315 45.29451675569951
9195.335083069467 3600.314774518419
2775.4489055685362 4318.224230241434
4306.990370424365 3044.072813957863
3030.4053693302258 4602.578063083661
6476.519955287292 1552.5464534599298
8786.241683877737 1976.1275885304296
1866.911012316298 4754.211738340755
172.01971094015 8927.76959002368
9433.978636241789 1346.337329681686
2367.066245093239 2283.300615885153
5267.127877385902 526.7004510508888
9862.082863008913 6229.716827142697
9426.058747044983 9461.029165835931
2873.0996606514027 6917.0399767824865
5410.51170665768 5241.252028704497
5946.927235785567 1371.99054720619
5590.208932413706 6269.902075538593
2263.67697832716 9205.842273474336
998.5235865388853 408.19422941267504
5673.385660495911 6403.815473509512
207.15335851983153 8898.316602472238
3042.2874956347137 2703.6024453603213
9767.019384980133 1064.1168877747652
4693.025695416427 530.8664742938851
1691.5559338191865 9806.735158820913
7781.576680958768 7054.935544934449
6534.779998025261 2294.6569087167113
1573.239249182592 5857.612149484942
942.3172953241088 1990.1653772769223
4064.8990427713925 498.9355421716779
1681.8208014234103 6326.7795589033985
2748.8879151363312 6820.727869412617
1907.9585429023061 6785.369694116092
6672.1723645695365 7209.4122863309185
4669.49813229692 5020.797081547867
5575.196296996033 8129.6436968835815
5385.013272831327 1476.716975256366
995.6154712348342 197.64490854301764
5672.447569657845 4507.4964685252935
2166.1514261528982 4914.05164780861
3427.2632727873497 8973.4792968833
9509.672775829213 5331.879013656567
9917.480701824426 9009.527282635318
9266.428144870893 4877.846855113672
7681.720660015399 5980.33550245302
4897.508023459296 1410.788117389038
7838.830753194526 3147.4179143702595
1546.5754182194992 849.4282853343104
2902.2947469721184 1436.1257737660028
9464.896887326384 6577.0263140666875
4301.509149347511 5863.434012065208
8505.877061075884 8449.493127490538
8536.315966916753 5009.059856883886
2810.17256189527 345.35871623424754
2320.330938282262 7613.389024043956
5517.785767400145 4820.064292197482
2937.6324364168604 9863.440406288799
5590.870816601612 4399.581952533828
9195.363031457086 8249.078538138398
6616.414470389988 9493.038954976168
5352.801605722042 9791.122994986852
4620.377407702239 3452.820569309469
6638.888424177521 8580.038534810883
2314.786855458644 6196.589221959753
684.8077301739286 398.5844802726435
9310.69077571299 2409.7464617452756
1929.1584983395048 7609.008804323151
3847.0742873550603 420.6417871695378
6158.341959258063 5750.4120811243365
2928.3636563505 9904.701064042334
4602.0094619715055 6910.819400655972
8563.893545436073 6839.073466196859
4953.365192766038 3905.398885323588
2081.555017511445 1546.5513369174867
2878.599059415411 713.5476236894955
1930.4472421010166 4923.575740142244
51.998739850310784 8806.218833155326
8293.488335263137 5261.921781652262
7246.955625111326 2606.8114633361592
3800.7891914530546 2491.115899131046
831.4097972177426 9033.131980125563
1382.7995918849344 8106.49966850683
3988.791630571932 7816.776381276499
5709.999989673901 3635.6033815396836
9429.409977741177 6007.0757204614765
7872.296063258354 1275.751142908703
2011.1262021959596 6989.080055177981
6169.638802231338 1125.228581949128
7705.753809102852 6699.776777380086
3007.33464454242 5418.997847536754
5700.568740893514 4251.4045141714105
1059.738445363332 6025.290546770344
1713.263865368556 6866.817509234653
5759.126436789964 4922.9296021218215
1362.819978763644 3553.5190449284482
3266.7050252155636 7088.2864365832465
467.65690732152973 763.2543362064237
7415.111487163516 8043.266144766702
5362.164195662933 3853.8206783115147
3543.8935276300344 9131.019214335709
3074.072701138061 4435.310072524637
4824.516312419427 7844.428895579422
9770.901475417322 1263.8148788687843
8845.660778606587 6784.367378140813
1376.0211224695652 9787.96311321176
2969.067927759316 4778.453023513039
5832.158890639623 2883.240817165048
4805.327603773148 320.0597404778371
4610.8355555984335 1892.0960945523157
6427.350688411563 1040.6112603739825
9785.148587277894 363.6493346260361
830.3309964638416 5090.882200341994
7409.398526348247 4788.443220794791
2135.130871542438 1317.345006482018
8536.88976875833 6310.906272561315
6956.841792761234 3076.855098885939
804.5434686337982 1156.7140282392752
4369.021358664227 3152.042785355693
6804.442358031872 6439.271554252439
5015.763585764701 8653.810964240147
1189.4061207917773 6814.141653835421
9959.666159899985 9831.665474344396
520.6469114278667 4293.478461042025
5558.584792975092 7334.197467393515
5253.367641654726 8515.475856353505
9046.979565358071 5972.322014959143
1264.291680578258 9292.897414830828
4498.830670995374 9125.173398074736
7961.2906066873375 5377.654507257209
303.8136073511766 4844.96759558364
5414.321201207675 4276.149385604382
3811.476744088923 5824.801866728434
8685.184409926353 6328.021072840819
5239.772033726661 6738.380891012054
9583.210975074258 9403.391413387557
5781.427515345377 9443.402760414883
8793.390702435425 1857.1985660161915
7406.8320617707805 7960.464405601504
5337.4639322246385 3095.7049883528866
6732.855756504848 7413.840459057219
494.9293725775006 3350.590511715231
5290.437488485284 7521.626863844569
4900.674637997448 7006.966811970441
2162.714599565694 9300.593282916576
9047.918246200914 1452.727467652104
5739.068675879808 800.4631900317938
7282.36032227102 2805.209876065178
6261.661889360191 2149.045470234867
7757.190990428465 3047.6719910486327
8831.136298681668 5291.737664251538
3437.6787400375497 4237.014280489454
1748.1664523268348 5680.54587199484
6178.599028709301 4239.547308649166
6977.82094766882 7324.8489003224395
2025.680194070567 60.57358887945563
7775.247417854803 6771.712481167012
298.16244647185243 6490.953076836563
4020.5689204881987 9125.486193200142
742.778130000602 1490.651209985785
4586.055265035209 464.78732917389465
3944.619483697598 8133.811886115621
9639.658256696312 9104.167443882861
6720.448400363047 3327.255448143647
3384.054066907428 957.0633842996357
5375.065342570399 9188.650373237635
2815.5726099615053 3683.7183687717666
6697.161654243532 5195.70161560523
4834.700259170681 4473.141659861063
1735.4233888764325 2574.149336632068
7532.999735683351 4775.3487195213875
4095.7147015874184 2573.1082830163755
9132.750160916328 6864.276374572245
6999.026466534458 6541.1908447500955
6168.099182612867 7107.345918366308
270.80790429347854 8499.441737465717
2308.514638484559 9179.631281959177
6546.992821876134 3642.115186433794
7746.221960537078 136.30001079906418
3014.246003369264 5682.049425436377
4138.606210370208 8608.837479500953
1985.863047074763 5142.730431057269
3607.407186605641 1455.6118326251387
5684.00064974372 7164.643921471462
1191.9973067001665 5065.730025753816
3474.6202578952066 9733.77271906184
6225.35676201517 787.2544266482506
7511.829500658198 4409.677528012048
2993.9457110793624 8027.014311037891
8272.828568702776 1336.4017188862188
5791.01052890389 3488.2754638107217
4112.2454947390315 6270.469342077344
6277.348802716314 767.1915874912238
2502.8111012711197 1511.1114514689584
9077.559948718546 1621.8219829460877
2905.5002586475907 5008.331284682883
3842.1314077846105 5323.24447716613
2280.2858937830706 6324.054088429944
6857.571874137506 9281.021881614774
9826.27088487394 6101.617075051695
9062.005484118556 8969.859440044911
3245.3248149624637 257.4000630523854
1696.0037989229138 5226.695689102115
7468.106058040333 9708.430582850357
5537.143885438945 7228.211291585084
8576.272233771257 9796.419551561883
5570.48646227577 5832.059575844995
8036.921959948751 3858.301094520187
4425.79492962099 5114.271515838692
4553.0839102470245 2977.999354732639
8529.682370725266 2601.1725913449945
5198.604648272493 5302.238736671066
1076.033702636414 4603.811229742075
3806.9755694202313 3564.422275343686
5186.238004639548 9122.858142364936
7633.816841186059 9596.937664879391
6643.695933690709 2908.030965437771
6296.586171941288 9620.706002041428
4724.315235704359 6148.0376577401275
1456.03439895168 6599.837433448479
7752.490244397082 3179.75468015963
2162.7969840625237 2921.352277896356
3931.617171907571 2186.2152447061844
1155.0584728110503 5172.79443334355
6867.800407372483 162.75076722191085
5721.361420844674 1883.4315413097802
9085.220425707585 812.4898861217866
1553.2853017427374 5991.522548420374
2035.065929908909 9203.311402718127
4677.015073074583 4346.040124534056
8286.808988173669 1808.168402207544
2455.1029014768355 3665.8832818044984
1029.930062838449 9609.540932467633
9444.89675703136 1236.9512326529887
5065.360152587639 8292.260230541577
7535.600191417982 4821.892003784933
5852.002569200034 6485.795104874554
629.8942458928769 8733.480883806498
328.62135895035505 9791.574927510475
3390.0310957353263 8216.4760833721
5697.85966957332 9205.375282895558
7076.401536503177 2562.153021661052
3383.273359605055 8025.325558036044
1366.5537247205796 8689.717308124436
6895.636250359458 8823.35391295769
8191.866595293288 4015.8937026148456
9996.5031879023 305.9153501828304
5652.174523322897 4602.018778942623
5854.810019364241 3508.906831058807
9845.466764584578 9804.191248247367
4331.393010141449 9104.493126142443
3567.500403429108 8687.805011579167
652.5852104488416 8818.96020695824
9968.40641525443 780.3469736445556
2764.006316150993 8213.413708833148
2613.418405507255 4831.499867375166
9794.636592198725 969.091485047372
4190.588450960459 5062.835891033163
5996.254324595343 4139.676375098957
4068.290353674724 9432.347537977295
207.71885389403445 7371.903744885021
4949.880886098891 1495.6951289938524
3026.369084080173 9773.61296243531
2342.6600362431705 1897.3390104378718
9293.317441460433 7693.129035429492
6997.044345482744 1905.1262353231734
8039.781350705697 7968.168011341713
3109.440309250088 4343.3497846374385
8641.364717658776 1676.2319699764728
6842.346716436298 9048.313219900569
9034.099108376635 6373.353053753594
4793.722540774122 23.270778105268786
82.0947523571447 1232.3308693390256
7741.438362390691 505.35485866373466
7437.927879815131 5975.530675010873
2825.185957385955 2133.3952019754133
7226.023196165356 2437.786685186989
5983.533352567906 6550.2034842202465
7841.89065886915 9468.145578623886
8762.810304854669 3529.2416271448847
3809.0405952546703 1674.1282440708371
5058.601721506911 1485.1736556117655
3093.0024642943986 4719.939284928701
786.0070552023146 4939.046477614085
4361.577018828137 9889.649353082037
2261.5820853788905 7844.875414528208
5140.032150907976 9460.766011006506
9571.02148484485 1966.7592078217
6823.1581663610195 104.68901879127968
2393.4300562656954 4855.574160995975
9276.738318395814 4484.29745111236
8722.471744232287 1948.6039435527725
6379.334413720479 144.5290278853062
4119.412235794182 8717.370335417714
1344.8811192734279 9546.576899058056
6934.355249092907 1944.2074120504049
3162.373518642472 983.6380372923114
8890.061927704543 9562.790436007901
8608.208216037623 8565.728096325684
7742.364204942892 1097.82852567074
7836.9502155093915 4137.701331202116
8499.343475870728 1971.2163499272494
5636.830184816098 9133.917799642206
6458.722008719367 5435.333805167426
3086.3933296796777 1390.4688641369723
9114.015314373302 5944.865244461397
9637.653181472557 7600.948545611827
5789.187220886248 478.08479568197447
2043.1253930772186 6748.341656061979
4617.213299669144 374.87748700326785
5154.249672633089 3302.8745941736347
6353.2309189115285 803.4916287600369
3562.521792445427 5403.2262998178985
3984.6746835078693 2640.9521421297154
1157.7333477670038 654.6514462026232
8521.524495658101 765.8350955597504
4991.7717797726 8770.115035862289
7760.132257896996 9275.67363469747
2402.124079261867 1723.2830575595792
7032.168448066494 6504.666041530838
464.68424079444736 776.2253144459208
3473.7787628279793 5926.459210228324
3222.613482875496 2356.2924549482645
7007.296435662072 1946.4930845399908
4072.5486901146633 5211.011281592618
7855.367583209712 7971.080581786573
9989.104955848998 6177.19509219072
7454.295926084354 669.1517476552278
7076.234686065926 9414.108999013584
910.8364093471466 2602.166909292688
6757.9876502231655 8083.217738119183
870.882965069909 8607.244150778639
9818.123695371498 8060.65858539728
6508.05509089316 6527.6065739290325
4473.962622642756 3065.307493350975
9426.434046168732 4223.920256139353
5381.5699198970415 3546.5497402685455
5106.6923416708905 5836.031548454294
479.86203721470775 1633.4151364391168
3351.3737322622296 2470.9054489287173
1018.2086022406844 9477.585560182653
5274.310967905208 6999.250240950687
9034.564256851016 4320.601033581925
6880.050176216792 8694.18398398031
8125.489698081373 6754.242961562955
6887.276579399074 8264.922327259987
2049.0373663816163 2597.2639293781262
351.9678186298536 5753.0958409876675
9363.352361203677 9231.53148092679
7010.04146562714 3307.7880750792488
5289.509868211128 3571.996666656442
4722.295257867522 7264.076177748459
565.6169383966592 1038.0999860502482
2397.41142497236 6869.4708792526735
6870.665867724297 6026.720195549697
5482.461408118785 860.2949200844623
7978.938260015049 7954.915478715986
5590.137761414016 28.54577298873395
1987.2871962365068 6259.128953801855
7279.712008165873 5051.213567229534
2063.8092237975734 6691.069860885322
3295.7002835752614 9346.73327596871
9279.033842958303 8050.167015304444
2890.47093833231 3900.023463590039
2002.5159702097217 2590.0431564699434
7719.215074105805 1162.4847420597362
2459.4145877608876 8284.774903327092
3900.6443313105974 2411.1043144042865
7267.54055334229 821.6571575275088
7952.781445132247 7875.319296345471
7831.801030010567 6887.166914324749
9613.26713620853 560.7917072000901
3741.8714894317227 3610.55669641536
3529.613154418335 7304.070104771625
1239.0025561208117 1962.1543736287827
1703.7394134760564 6439.204586994281
3617.3057259521593 5521.320372925271
4830.919362986979 1019.0887657517544
9768.874120752751 4350.259188122627
6949.211117851578 4215.683729450198
1698.5979791892291 1490.9815321191522
946.3717626543278 6810.959728489289
9921.859484495615 9050.12248455047
4141.847055214002 3156.2647765638662
5730.86614390025 3885.9892617763026
6809.491307810254 2430.2107294454377
9561.163683121415 7556.082893771835
2999.114142302818 2033.1573804457303
8081.548852246173 5152.532812700961
8476.41310459069 7308.000720664678
4854.772967799998 3141.6607626696714
173.1306388231524 4658.635472477729
8783.686553430367 4255.292274863501
3953.7475643630605 3929.058275529911
4695.546111951215 426.87263870886284
3592.4836054032126 8600.758271638626
1170.5149216874 7235.979788169869
950.0880054718464 8211.986346198519
3806.054409926356 2918.054706632316
881.7182460864182 5642.619461950774
8599.248074416348 2671.3228040050894
9345.17100183269 4899.776690231051
4649.694379990274 4428.611557566627
7744.728410101485 3461.868925929238
6417.034368713822 21.73811953032456
3822.340147084149 9359.832062628888
5167.338143898569 136.13654020404599
3855.2984602304196 8597.305702094844
4013.398622665684 5661.280119909345
9236.029832456645 520.8354316888364
3237.0136035445253 1246.2363731230942
5633.4224545254765 9759.005683291136
7416.313941515592 6215.82481638865
351.627414421507 849.7093735836326
1335.8746796254484 4806.259997723015
5094.348080231479 7732.758552061202
1074.2421487922004 6771.824824477212
7711.3442173923895 5100.571806295796
1358.534669867182 1756.1460110290504
5752.014081581685 6485.153089653727
257.37815084696524 9925.033793408298
6918.304172762708 5328.92620573884
4780.724810471916 9164.287950368123
4851.195224395875 6898.659518137792
734.7144511879656 8201.52798755634
9262.482019199564 9968.007516709671
5562.8665604214275 2140.3002984029886
8622.405543515555 5994.169294345589
1171.2308763405365 9141.862046449147
7350.610313681529 9576.35236300267
3889.004009229533 163.74442047660253
9688.314582455883 4858.21167617114
929.193731519593 6799.881496041446
6573.934372303443 317.1077796095667
1062.5021344782815 1718.8407701218578
2135.8782191790806 9509.908341047616
47.75549052787098 1450.2988009000085
1202.927738744395 684.3692583141392
9862.889552539193 1646.1018858919297
8504.507139191719 633.9370195268345
3113.6050950365334 545.938830296444
7579.423267805196 8640.449042136926
1153.0465779842236 868.1636144869998
2764.5257499978625 7501.2291540339
2548.716328306163 5113.992393424696
9287.292872959197 6804.330558540501
6236.032861907493 9304.366455540909
1176.2573827505153 2656.2975301433444
9757.983147043245 2888.9788643214442
4183.53433317404 1320.3862389721667
2753.424702736785 9084.218390819968
148.5815582698957 7498.648199757379
2963.9009453476783 6233.675534615283
7811.113190026917 1427.7247881439948
5016.973487196678 3706.3277601491327
4519.136714048853 8515.829357928114
696.444347369134 9713.40455876915
1841.922524646732 8730.056154170014
9909.458459323634 6190.800134385251
6823.577135157738 7436.440951618359
4019.4098198577753 8116.330898435984
9075.957298318139 4243.918428480756
5265.717926589663 8442.777567780864
2503.1460298322463 4903.640995113421
2429.2350358096605 9487.035929592012
3835.8281037832107 3992.532403075999
272.2947260590025 779.3019494085229
9668.872258718517 7270.607095700617
5801.572027174137 9015.319904638345
9889.486011221825 7499.44627197768
7220.2646914312145 3559.473591546013
1741.5344113443375 4590.484668337476
5678.568127214191 6350.760731651639
3971.856409689232 8563.998878717812
733.0936104426711 3810.530207330158
8556.772473255262 6568.665834026928
5059.937954197256 2164.267403906436
719.8800037112729 3108.426617658392
5324.908234586047 817.0895882661599
2089.3618464527417 4582.961802766532
1835.1974601730049 5226.9285780644595
5293.91020090379 5700.889231161323
1966.0524514879996 4594.702008654469
7119.860488118018 7098.958291376919
3242.1437051179914 5030.087629083203
7552.467982376827 6054.995823604312
2874.8818247912022 7085.7870804624645
8480.732336334993 6782.46259496349
4616.396279765 6001.025672110783
6262.666417783721 8321.686371892887
8723.757010394864 7674.22293999584
7943.592271025418 6186.5592062975775
2633.545065856261 9431.761255646628
9180.731095122519 9836.829649760524
2641.4192892115875 4193.695417469721
416.1803134623132 8803.712524410596
4197.5230071299575 8362.751258735327
296.77638779461836 2532.3688818152546
8127.913253971986 8316.083488607463
1666.3618210008724 1576.791769442164
3011.295367906874 4613.85411870044
3388.64143538035 100.16249387257758
6525.465560658939 6091.275259561926
3822.149139125204 8558.471035553473
7570.323970644856 9639.069001421996
480.0863989466264 8838.295340731265
6190.331884622834 5056.9401277560755
1912.3976479604787 9805.896434514665
6303.205075519761 7404.682951999593
2178.6922241241778 8327.724497933625
371.0992248872902 9269.565413377695
8707.423541495862 8196.605900519844
6714.403018858931 12.258997881791078
707.6848099222321 8858.66606462492
2632.585123836787 5190.1129092553565
630.9870823040143 8704.35525032651
7052.426029887243 6008.648147711574
7897.483501144361 6997.162106312807
8399.234793231746 7373.279160641166
3988.4704995431243 2790.6724946622785
7568.280235507284 1853.8697468447074
7928.527527931112 4482.185988746289
5674.9458530419015 8979.700081881023
6584.566627087252 611.8720431356206
9818.119534146386 4502.114517139479
8139.6677787787285 2366.3891396880977
1029.6272939061257 5115.496273554823
9299.052750285742 3470.893059658977
8168.631716411529 159.36484835737397
4665.0439189276085 4856.3235707750955
3520.436864180746 6812.603931938861
6020.275688761965 1844.6728786289302
6901.298905285894 2257.926018693692
4696.271828851549 6939.573883015549
3012.9194462942132 2021.1081663011344
4914.327694470438 9243.083121159329
3127.0725081667792 340.7929018090583
114.6937252072311 3644.206547802502
5628.389290372794 3320.093892589574
6341.4802114744325 8166.38983458215
247.69060202855852 3526.2509656393127
2786.2200712130557 1359.4497469038201
8795.168065210617 6663.062939958529
8582.150393593478 8352.001048193579
3749.402680888152 8017.394536147743
5399.574660501218 7647.267880722684
8897.586416757553 857.6751138234562
5193.672154867609 6752.4655060432015
4357.951395859657 2760.8782444774283
2776.522560970608 3132.373744794976
6893.433326746138 2718.160766015221
5879.576842210266 5254.553632993792
4964.102583155079 8212.604294832627
8482.625985573375 8389.64144227048
5836.809150084273 1415.6862160085736
472.264851309725 2416.2380343942978
5502.0630603086065 8480.489670505971
7034.36630725712 6940.062347633303
8838.414241320852 682.762060452241
6857.66748677577 8512.976850115203
3917.968335126695 7079.708874239482
3269.6376015590868 1466.651867718074
2408.476640375461 8159.593804877262
9028.882572373916 2518.1123013952247
4049.841853256647 75.92844298703882
8911.312257351361 402.5846411093414
5336.876424274853 6817.855157701514
5819.92124482614 5454.892816851025
6496.64078723653 3705.003138387971
716.0676464675697 6734.011993755929
6756.880922681648 5486.745881094765
1792.3809061769214 1340.4634105978785
2414.0215517054344 4551.121090050837
7242.116532117562 1586.6312247219182
5151.884830520073 9534.761256887943
231.58967462459046 460.07354617911943
2527.674807072041 2179.092317321031
244.26037914342058 2685.790975331642
3192.3842892619214 6665.739640132137
9561.307937732667 967.9970468301514
7469.98841993461 5543.210941460691
1130.5709640432826 7369.669710898922
5102.198704958453 190.7821160963008
2677.7432423888026 7856.283924518883
5580.282405411073 2440.3941403617855
9690.38328110592 7943.2697395446885
7998.552998686991 1215.2737440078076
4127.227544265707 5537.796744582546
647.9524485425103 6552.522095518367
4380.272339380535 2056.125549249548
5446.130768254077 6927.618909437137
521.8826846392499 4069.1071843284667
1582.0742152006517 4318.583329610911
4719.801086089857 5700.511393293106
3168.639323831004 2520.795680046716
2514.849500344438 2628.0112567697333
463.3610075864314 9780.971536855785
638.1358885570554 9204.927699225114
135.50263092707237 3029.9166808053046
6806.303821290358 8206.125185896179
1495.3264660183752 3173.409155133005
5536.511411175084 4074.6491737335946
9059.803961162252 3638.725604930875
7147.042737147008 2814.120030375674
6710.5648019657065 7742.043115726501
5983.335353054009 8697.811248048225
3355.844996327757 10.84210564369359
8242.04722661145 2587.1894216715796
9778.390677429501 8356.205489604807
7315.212467934886 4783.556150494113
7039.3196912265075 2960.7646810393517
9264.31947609957 8556.526370085032
7107.875480579557 5547.945727486133
8387.055919227772 4081.331030428933
2594.30056849367 5221.1499203800695
8590.47254825108 3080.867888937915
2499.0193436051477 6294.221061266852
385.6961828361982 1278.8146317348603
8327.555883801748 3969.434488558803
2642.1009411769123 7389.91219764436
1465.21014166191 4502.419934556705
7437.828004238791 4902.403825077649
6115.025539243896 6026.782777094057
9495.3826094272 5333.24845746662
4504.776589433062 9047.858808457002
7966.262815068038 9082.264539116866
4573.786277156812 7334.84269660534
7135.749216723498 8279.075846035137
4493.0869684866275 3937.8146387022193
4791.547883245359 4772.163868842411
3967.712914825684 6054.262031232879
818.1496801818255 739.4131041105145
6589.250884474493 5018.174342730424
3352.521322650599 5258.2185737343225
2021.3841838112767 9146.307731013942
9998.72222782119 9958.226626435007
6771.5055102111855 4353.683281156699
5518.695032154688 4548.54502128234
6210.712537908513 9127.484798113244
7259.704472375648 1808.5029495138117
6461.129576074125 4780.563600985398
3927.266713973414 7850.209076694739
2523.9047217914745 1967.8920103450193
7333.687294830504 1376.6481259926943
3963.4578785016815 1852.1529220324373
9403.776232739547 9036.31478886011
1197.4907144075253 8067.299169689015
4548.861209411161 9060.426337338182
6918.124526150775 2771.4321397493113
9187.505977473096 9644.210213409557
8137.23091603875 2037.054564222367
4620.118796471624 3.381630597810714
8189.920285336393 8822.286774536293
3571.766652744468 94.70745781643642
8248.634576131293 6135.856869421812
1224.8644768070803 9075.104398155612
2985.0542651622113 9170.331270276605
5298.2781434476365 1169.1625657524708
8650.745138766817 6151.968471667842
9668.002629772509 5810.062989388945
7243.740553746442 1596.0807456455118
4411.10985902632 9133.90076980222
5803.160224667058 4645.448514704061
8405.304363146766 886.92082459915
421.7020610228028 7491.001860704919
4017.9820126177888 4509.433837107832
2847.421765944375 769.881586446437
2293.241005917166 6213.48866115877
774.0411157706983 1984.5535017952632
8272.881642930412 2102.3277021537624
2532.035978948678 5996.076359519421
5880.296066380229 4341.943045808362
5462.054861594507 4641.6303472065465
946.9831051664701 7747.676806621724
7373.084366720387 2853.481962851975
5494.527073769064 1481.6668707448055
9159.273623395993 2746.347388300725
6578.8044044006865 6508.23679287811
9938.501580720269 7522.339036153549
225.43898555258178 1169.0676708800008
775.7778373187397 5377.565008596567
4313.686418098944 3473.1457507974337
3900.2105167467225 8607.914659901293
7786.845424006915 275.4196138975018
8340.148846063186 8368.770933023063
1940.5946261629958 3154.249909451706
8564.835798198317 9875.688107454342
1583.1938980155203 3093.8146395648023
7246.494425628205 8295.879968153205
5130.342193037351 7687.33624377646
3432.019250954521 5406.064558272713
991.9213636736879 5200.658928988311
2229.9524457387674 4433.607466753197
6018.16882946815 6527.364071454602
1863.735073259246 3137.6408563263926
9913.39320145191 9210.955086518408
7556.186683495578 1056.5380716179484
4727.47178666221 1999.822891388925
9049.686392242307 8932.66178865605
8889.875786993187 8129.274697080356
2248.735319635083 6691.338936626868
3054.810569545985 2588.7994588321626
7567.0283301103755 8404.402856387662
6492.04657510322 8074.743668933757
1481.3830961573115 4806.2349555726905
3282.2546632811855 4450.333750142905
8613.445223988578 7598.14935871971
2328.1867230441244 7747.851981198733
198.97302804841033 6393.657600539828
600.4527692651518 8652.820551124541
2989.596467846615 6547.846992278495
2842.4977384723625 2277.0037096723186
7139.703994180801 6888.798339697016
7574.749106859536 4350.909323879238
717.8131969200541 7230.411171661778
8448.921668603558 6762.723931257106
6085.659228112108 6141.133484369408
3026.225999355099 5426.207249366021
8284.272399015865 4760.334589246462
5455.005160524001 212.41022233712604
4349.4627754361345 2436.2494029982095
1977.381502412926 3921.179127005613
641.2195491133532 9152.092771438836
4714.226352211247 2700.261637293594
4680.592125721385 8900.85468446906
6225.656695225807 2332.748883203336
2599.4056712843926 2094.246759025803
7021.909082639593 2002.1584959148386
6719.016136236045 6201.823766610271
6256.325112714087 4558.987335740714
8570.189703586915 8263.550805261708
1299.0346629129956 7255.061448254718
1963.534005432709 7418.381870411612
3100.5878458148272 5222.874362303921
9346.844328782285 7821.456435858493
964.4667056804634 745.0648848548758
9467.39130669376 3118.1223441640814
325.4836377299075 6235.895025703091
2703.949590803285 2905.5341341475173
6906.967217182707 6537.794413438796
1131.3644480745634 6292.7168738453465
3743.4455497471085 9914.314549547975
3145.423597848582 2135.7964561710864
7588.234066363121 620.6352245875024
4792.124492098695 20.70622979021719
9802.956202717089 8038.677438287983
8061.436536806454 6885.568637824271
5569.926646833403 7538.198858367645
2545.6485526766614 603.511100217542
2340.977892243671 1231.3571912288191
9209.253003681224 2393.627975549394
7495.473228897419 554.7577980962682
3566.202986905599 9174.592506976533
8246.042736106327 6170.1674223667405
3837.5192502201794 1585.1733855544958
5990.46726186008 1583.5451480249974
4989.474770140969 2896.4845830044674
4058.069871675513 8796.740421194585
2201.808354739346 91.37366947458148
5037.635784018281 7392.448955604584
7596.707854017695 3671.36547859631
187.8831496869382 306.71766737577985
1354.1872520147879 7894.97384318522
8746.278054256007 3764.3444790368562
1500.3256051207725 6294.4292258507085
4311.376738289926 3312.312603532225
2772.1992412342643 8475.82617425967
614.7338844680505 9536.709382424679
6651.002761618221 4011.9571354071227
1925.570466957468 1906.3832518222123
8309.464390784693 7581.960012469901
9915.364236540967 2350.0094189028255
9492.919575467577 23.16015443878716
5981.059447043365 3183.6280717501286
3080.50314643858 7869.146336549935
4756.886487794059 6070.525737249576
4093.698518303297 150.943420332611
1736.1882021893316 6945.937591616297
6861.205840761872 4973.419174132328
9233.29927183673 7428.8444647849865
5859.600976273445 6252.617425340112
7458.184941540301 9282.201743856736
7150.808454702153 141.2633515912254
7265.240064483499 5553.558407707901
5410.494881553664 4383.559025842457
7891.829586369793 6988.264649612332
2622.1127807267376 1605.7361586657892
8544.03943892485 6996.851938164602
2333.0184846499337 2231.852378237976
8470.708451845057 1067.2451838601714
8209.334567594757 4128.614660353373
1645.2324893505122 8030.6846773416255
1424.5751190193446 990.591974790238
3396.346723870004 2485.056074529969
7105.499877754222 8760.971658145612
7534.45535728687 6105.841513694045
4663.764582107842 9767.02012043557
6538.549029864927 442.83713145561785
8990.829127815185 1338.2641920540307
7169.109077226528 89.06541071466934
6682.756766758723 9915.87565095619
7220.213161330022 2315.88120775745
7887.314074191388 5498.998838247135
1585.927819463554 9514.382000956242
9581.84908136776 3375.0987380665765
2670.4821585859804 3650.787248049144
1788.8575281818164 7834.87396701157
5161.849551101676 9126.50095573536
7713.681814679088 9914.133538815473
6405.864752902196 430.73303654352355
8323.79949268351 1920.206166420423
8748.298161773339 7409.891233797927
6927.241422627847 6055.922197715072
9883.82174433163 3589.4400068446676
2185.408448605315 968.9942631283388
8390.268865097103 3639.190927141639
5229.09819253702 4292.740367943145
5539.018861846068 8869.084682201756
3367.330259294704 8295.387835518995
4504.700381803861 3750.1629277225
7513.160617732357 7629.770216365875
1182.8776062105117 8658.71728633262
3949.3735502957807 1069.2603011126455
8757.821738222414 2947.3773604176736
2242.1712405878316 3407.809570938437
1398.5931708184019 1228.6831407287225
5091.596743645006 4281.161495419656
5261.935094478428 3555.857116980573
5351.018743152244 232.44056497784493
4867.698072773885 9602.346332553565
7175.395139181034 8293.489094659813
6326.982015739896 5992.637449696806
4768.063309936971 4136.135464682691
4005.211564217396 890.2187267761163
3492.7945275942175 6116.698817275858
5923.737588100559 8899.144588441672
1480.2591333423998 8678.111278325043
8024.536997595068 3948.456668189665
4491.447016063098 8524.387517993293
3848.9919572938734 4916.083557531835
4986.34844023847 8604.228884021944
39.043113365975216 8275.686083714665
756.9340197517748 1427.8197491324818
1165.2480617913652 5143.629978792595
8721.761375656248 7059.118975239193
4079.5833561072504 4329.25097801214
1954.0421063158865 448.22221884771693
6378.011140222947 6424.030986179736
225.23428387587475 2579.3526876145625
534.0868602715976 3116.3801354433717
1849.9914617780123 3217.1935670143603
7596.721293570432 5667.74867241905
1337.8663672562984 23.512666132058378
8965.913431878753 430.31619237622664
1160.5527524778593 4129.314932687516
1547.3824194894337 4863.062243443439
4773.641733449003 3069.5507639779853
5948.188221392008 7434.197670951275
8714.97386292244 4483.345361949171
4659.357917260719 5617.17043346209
1772.0111720512698 7744.541023504209
5296.147473849914 8357.005278331557
2613.872623493062 6108.456426224056
7856.9312967010155 2430.8583424211083
1482.88357232483 4357.428368472688
497.95395023920383 3059.0659905673488
8162.331132353163 3167.7152104133497
5652.249909486384 9322.650838848273
7555.320551470285 3865.8236814232405
9701.20737834957 8899.949935219616
8458.056909008386 7147.335252937953
2895.754157884786 3017.685731569524
2474.4647199418437 7801.485675133465
997.1050877752718 5278.947182974787
2869.236735565168 7688.37020711461
7586.681875523454 4694.791627571786
3277.5964526940406 6397.6690475806845
9568.12979958263 4368.701341532705
1879.0528253955429 2229.5848481968883
8418.986212869371 9148.381326935438
2072.5709427247884 3621.651017123317
8231.58644631126 2895.476457630567
1685.6227369974163 6104.3488127644005
1797.694488842272 5307.857290958854
6092.627932136568 223.7839588082524
4387.133533355466 2595.1645226963183
3654.9786683650455 4521.619845677372
2149.6114349133645 7317.444784263198
5465.126559977135 6831.423031553503
5587.49257734905 6420.012859719556
2966.6953554221377 6454.101972450497
1129.8265284318497 9261.261215959066
9469.840568689393 688.7317207287969
3705.9020327547764 4532.964055085012
2378.20680324625 6537.857133719265
1397.7578984681827 2347.1514463529975
3445.6053691205902 8915.062794733367
9377.872699498666 6448.275084859094
3593.996337907611 7004.165114320179
4735.455571233288 4065.560000207682
5996.716681621775 6811.80371422669
5182.502226369667 1111.3882642403005
3039.8728234003192 4847.987364157829
6861.7965099123 5533.092192463075
2838.8232218285316 1056.7234932074532
1698.674480935073 8097.96931200232
9492.612602504376 6173.662425457256
8145.348333082448 2397.2056253400797
7724.277446944015 7952.930831031244
4959.53282074161 1974.022603062685
8421.266725954541 5465.7707182347685
6854.352660563273 8234.968216586056
5010.957365940001 5015.8248037236945
887.0718642161013 8783.340775573219
147.28506193616874 6085.213569854138
9785.312959298073 437.64231108494477
4422.041386896015 6354.390995271202
3806.6058829759318 5009.7928791661625
7667.50291614804 4564.298242690286
8568.253571216235 9316.052433690893
3293.246913607547 6094.182054742191
6828.970798408912 9905.24768841277
7645.756390294821 7067.68176940113
4806.788211044232 7978.182775513698
3331.0490943295013 5723.50127784115
4718.247044186491 5218.2907534954375
5266.8842736489105 7674.132034683587
3422.7262250605927 7357.346448615048
9290.004676918765 2983.1555690860278
2327.9775218627487 7724.486808049514
3288.1396375781924 3628.4456194462487
3987.4564208692286 8257.002882898154
9020.787786399678 5456.88728448414
9618.979635622694 967.4960899092345
3472.7890746877088 8301.40760913441
7492.591382154684 2754.6982178821986
4162.225809676445 5957.398815388759
8798.247916741346 6103.302052101231
3475.5384128877786 4829.311652377676
8204.582208268494 4262.673389527806
3571.047368750686 34.232167465223505
7774.0723332063435 3716.3493590000717
6656.329038145297 6967.992162039726
6059.659287636972 8734.799787705253
3324.630895085924 702.0140170262467
1246.9686171794847 9207.094966325541
19.969849813837868 6833.474187520111
4371.133456677063 6967.803336173119
1705.9379006171716 2953.9033113283185
6427.60259960241 4847.546510783292
1325.466924422093 2006.9398264355964
4941.265012884624 6470.167844063269
2217.2425665600613 449.6634786051157
6320.057904873345 242.22326013419115
2996.12274492426 8017.1053697927255
3312.707981560329 4067.6685863822336
539.51800135425 9412.855192667419
1212.6810530129683 3536.983934986271
2553.5531299389804 4765.087239271064
3452.291454593034 6262.82378870479
6698.596515480408 962.5338002321627
7721.764803246575 5075.333064641604
6420.820038010941 1717.9029697558324
9884.107283259473 7942.344635906455
4420.524007014344 1473.9247389047948
3397.291450346489 8708.146445675513
3619.83760276924 6776.62029393032
5234.427229690345 6096.388708242007
7728.078205749502 5949.013363026038
1350.02830374216 3568.981425862625
7351.915225615795 7729.571010287495
7159.295243968642 8247.03597982323
6792.404278158373 2792.0460469784903
3203.688524065199 2992.511157612462
6842.70485917557 2233.2718734162713
2961.1813040711722 7859.428214971715
7953.5528540697205 9887.3500020369
1577.2272722573255 9578.158546563636
5302.390821506489 8117.2413200094625
7641.444378720184 6371.279597715832
8829.568975676577 9394.499594813997
2061.719531495626 3185.046866265209
4239.335713154752 7125.439401080733
3442.0496818793713 4747.827528870246
7778.559344453817 1931.5897425849248
2601.3852206900247 6714.9407832121415
197.9213852359174 3846.7538262856515
8284.006530533772 1443.6099534668656
2267.7475771592735 6920.542075532876
3129.9400176594527 218.18792634337393
7859.505259763717 5051.601034311079
5466.451968547881 1592.876928581789
147.94020468234302 2073.9397485445834
1993.6130301778965 9351.196072893947
4817.923574607138 3000.107336880483
7875.32865599986 8281.084383375297
3544.954145314929 5172.0973136757775
6441.789027027275 6559.726065697411
10.272653435706713 4671.232298518866
5132.618055244371 9613.623163115715
260.60069466384726 7851.07200712696
4497.686620020049 4441.297669682309
2635.922153631225 7162.415409732325
2975.616470393634 903.2921191236098
275.3816324449676 282.74790716982136
9121.849458354953 1081.3520618721905
7352.939284758823 2038.8340367347014
8058.086539379792 7468.209622209827
9936.91533323873 5813.988259685716
2446.7196093850407 5534.6131609125905
7687.430494748281 8094.671659055726
6907.870968005965 8494.557309667067
4825.7236341650205 8021.962240610917
3906.2781384663767 9132.919825881901
5243.046485869911 1021.6405247738813
7163.902694682415 4662.6466398019775
6670.073282750316 5271.121510643588
9114.51228487226 9550.77313965875
3881.7715087697925 5612.680920634473
8.764407569034072 3916.097925912989
3779.955348575946 7880.790640314599
8242.397356833106 5798.941455784184
3845.4590655900665 1549.3644506793626
475.123660459672 2119.6026716168512
851.1438648425795 6574.796376307612
6950.2500708550815 5869.49230508254
8942.90086371867 3458.968948685869
2469.6257725970295 7769.999118622943
7572.706196465247 5420.56020084233
5767.296944965008 8129.816889448191
8512.4164847179 8043.964051424458
8094.389865151908 1173.620530134377
4251.980671220707 2534.0187733810894
8416.531047568817 6204.253749786463
30.49903582749924 5795.755241754385
5723.624308880841 6191.377880572049
789.223259025813 2467.1687837903787
2644.886692925761 7829.761827587981
4903.315398557822 2641.926016462802
6238.375861834369 3680.7349105104204
2315.8785559529138 6107.653918370979
4204.178196783458 9430.352133396873
9764.072554930925 3246.3386378119417
4730.796377262253 1995.9489526469897
7740.789091628604 4584.53190462194
5442.538454299491 66.91585301166758
1684.466190825621 1202.1099872406116
9520.6613210955 6839.090845203605
1441.6661010570674 2497.2672998706635
2706.6197939639083 7921.803755134672
8148.7310589864155 6008.307476723149
3077.1832885372496 4453.647476472617
2061.9765633456946 6576.844469675269
5087.501938535434 7447.952926339885
4859.361368982448 4071.3217212059994
2988.5405849143576 6864.863163472609
4744.3767927219305 3045.436689148936
5539.575663318945 5858.908677343696
4826.806048766152 780.710967036532
4305.182607411277 8404.337656131922
3993.640405110679 3146.6025409375566
7336.931979603068 4047.9186889897865
9704.58794211394 5027.455954802624
2444.31791452556 419.84908185396574
5576.731328101484 3738.370489102083
320.9578658672729 4084.7498905315906
3696.1138542573435 9459.326077067028
6914.554026166579 4963.133340947859
7506.17012529065 736.4351645027367
5951.603275305948 4110.485442887719
1316.2757717570462 5459.464340651045
6984.80228346718 1711.393752465663
9978.252346331428 6588.022319393456
1646.1873870779232 7315.178862138408
1837.7502442563266 3957.4952102484926
1636.244753472912 7440.575271742678
9781.153999605755 6955.056020377998
4013.9588661949256 1243.5900253423604
66.34519755600698 9549.282275820906
758.6100107186211 4978.365502130201
7476.565154268584 4637.09517328663
9878.7902980209 2490.335995259593
135.54898160339613 5037.450600987427
2203.783589496625 8638.2137182584
7769.272838910468 1436.2082599892444
600.6835802178311 6651.784966404994
6622.218239874776 9156.567813608015
7338.050035752682 6770.402281597022
28.986850023984267 3781.577613309134
9516.167808694872 4064.8860188961157
2862.6479948249016 8070.212607588014
7706.4569199374055 1877.7952201678215
1659.1758149624725 6224.794200566544
4177.833429466042 5003.515207493433
2832.810580307178 4928.190957286619
4139.060112230295 5707.021828565152
5829.862606215339 6280.340663068457
8046.518254810006 3165.733836748986
2794.037565793688 3406.1329770091097
8718.86665813387 3859.5437232520944
3079.7167178492546 6086.035470770803
5027.607108142964 7936.243444735379
6051.9256096500385 4533.8821863527955
7964.23139213424 2567.0847216333336
8570.563080814449 1533.3571810297854
7003.041065701558 1075.2317495118214
1465.2582918459655 8099.1501853158325
4341.707059915109 1085.2660473406738
8233.943641976068 4752.577732877679
3860.940159109284 8975.491625999512
2541.7223405783584 7107.8830129141925
5177.8609786076295 3102.8914248128235
3552.7167471477073 8324.763462761586
8800.433006543557 8835.132640476557
2183.0228648937778 2934.645999181443
9257.640377595053 2263.792779340713
7852.87232466537 1293.7320563059418
3498.0598799826244 9500.394593979536
8850.4428420238 759.391184755721
7983.0336679483125 3718.994200226937
1418.06090995657 3238.238563953203
3671.9753610928683 917.7954739993554
2990.981071545542 8254.51564021942
4128.466088638779 793.5178209044547
574.2352051071275 7268.5655241459235
2516.0142299817744 5279.806577557348
2705.5817119136727 201.59176758566045
3181.6953657370004 8697.451449804785
8214.983436797513 2962.8527260419623
2967.3561855440935 4122.941356817267
8004.707285408339 937.5260497206261
5278.736692608984 7309.829281469905
5087.776499773563 2388.8666406052084
2831.8703458430205 9582.67307598225
3041.0126006691553 9961.352488233755
248.7180162914504 856.8286678610781
2099.7536869323653 6349.418494416703
7759.31105569247 9144.849790263916
7517.254116574824 603.8540118741986
2346.355599310229 204.75022130166164
43.90537304901465 8023.51071153162
262.70248506957915 5303.281563631453
8454.494857351896 687.1060445509214
4452.996472615603 8359.833896178947
2754.206344437098 7827.766463674018
3192.710000008214 3548.7508116006006
3496.6260426679905 4762.085192947729
9938.0749810219 9219.43830491262
2655.3346293991276 7401.919870957815
6656.901639519025 5240.508865609489
2147.675067573843 6325.038495666447
1079.2337957584753 63.50188047877015
4325.676119074482 7711.510877505263
1490.2386818384373 7635.017384013486
3290.822309036877 3191.1684412689333
4870.702709287871 6423.286409386911
487.03676591919543 4579.35930681693
718.7093914567089 829.1489771763338
5824.7843062759375 9027.754301561048
5161.2982507924735 1543.3640195508292
8676.998107777627 2296.0195724376886
5540.750849004475 9351.406867085514
8448.08892667486 4483.21241571637
8009.083589395027 8039.990632931612
9091.24207462022 7526.261797570311
6688.8543845798395 4798.765429629282
134.63613298368094 7739.761421312267
3862.6721803269324 3785.622535782225
9880.569427603476 42.174896720051926
7368.642189674306 525.9993113708272
3196.798147579627 9941.651219550851
2812.253722170943 8569.773591099576
9963.377039618073 8951.86834030463
1629.9850641679902 4191.501841141394
6270.3186148646255 5946.505124041868
2485.819819678059 9028.767873986104
8705.869173859073 1204.3565320960192
1619.0203215047882 1453.780131128276
8828.397904936473 5506.623862225265
1551.0462749417352 870.460378665574
3517.470966107128 4801.558263276284
8770.29158489347 9821.906946448173
2673.2597133150857 3446.9903958920536
2725.8013172064634 3578.870174933787
6861.206723128294 3660.3605271852302
6710.877398137538 5501.405842280614
6801.784997086305 786.0054949362604
6475.936708326191 7053.3458194706955
6888.7343764585285 1835.3562836260974
7311.499956948918 7809.202942689779
7253.34290535035 8935.64752847207
8251.102306230827 9866.501288112575
7939.5843237506215 4090.1242368981893
9897.411614090033 5684.868431474991
9401.972455636245 1485.0401186013685
1351.6003165672619 6744.809267633905
2252.184140144037 9358.170014228375
9805.382761968785 8744.872970186081
6985.184267663448 9256.740526039095
5965.508870912922 1733.6947130583758
5119.536005049649 1590.8074928429462
7476.121464431549 2640.9666911278664
3142.6406644936046 7257.062555820932
2169.118609423496 6481.619694023574
9419.379981939423 5274.379973447494
5039.433005069438 6942.61250589597
4151.280058733373 184.07483488315225
7056.783976938374 4574.8978811492825
7091.5470680496355 7703.229660613992
1740.7546333136847 4111.8797883887955
238.86200638673526 8081.308899594776
1803.2027834810217 1067.7430240234542
7259.780123141238 5293.374917304328
2052.996055881354 6776.626634832096
501.5085808584896 3868.40892541872
7796.287877716321 6511.970317250406
5139.605826311985 4359.1379547369415
8246.952053336507 6857.973734703142
5217.25449022726 9807.420304015719
4503.773273375552 5714.513695501113
8980.22192258088 4638.746322250803
2449.427990664398 6745.73325355113
2828.5138221578886 720.162654491695
322.2299629250491 9633.626374085461
7065.318908631688 6367.879704777291
9386.954428291143 231.66844436916523
2219.0222419534775 9335.94235685651
1728.1884342545727 2019.5247731860788
8183.989024034595 8835.700574622904
759.1983025407312 1045.6552699060107
2337.057801298371 4688.624992702698
5640.507855419556 8162.557330437671
1491.8153820678858 7233.44759809163
6491.722286741655 5152.678464764932
311.00289527747015 2254.0695665291487
2732.0098491806166 4359.130310487523
2801.555078903054 332.9282501354558
6792.976444009733 9577.214209302267
3930.8464124757293 1117.0041250292052
6119.152756542001 3488.750819379722
5021.376843517046 788.5644915016499
5381.285651227861 7531.647701243903
7013.120625162763 548.7890813060836
3986.986097755736 6595.880610991533
9697.42439892517 9137.582806567625
7562.494852260991 296.9183233481954
2688.6561499687923 8993.771098394323
6041.606899707578 7448.129754195877
1326.044329187397 820.5770898171438
3360.936747570841 8815.165083305319
12.929194332861327 8878.907283972254
2379.6671469560583 262.3237844468651
3252.0174474425257 1256.184879224701
3014.009787491202 5585.354248153121
9115.291587968173 8013.515627963459
3675.6450859427714 1866.8864086693748
9786.76480448597 1594.1595498471272
1163.6044720927187 4944.581097401531
3610.9557905944666 6944.50229134084
1612.0307177330317 2759.090250100872
6941.312788669523 7321.822565537484
1474.9229444398416 4001.1530485194357
3722.2506914262653 4522.799774246037
8716.368532695085 3419.064557413087
4440.464384195094 5920.29367209027
4382.000106849564 5107.80126529387
3901.745161939374 278.69414690770753
9726.203197600114 8574.744484806659
