120
3047.6935551396987 3664.31460171692
9871.91902152755 3654.2915393373996
4193.997045471014 3457.6683234123807
8930.052742685066 7866.2226726212
7088.705668858989 2046.6140648011776
3108.5733392835677 2714.436394313251
7772.30332300706 3146.104063785695
3814.2829853829307 6406.886120235423
732.2288375493569 4562.447445283463
8483.22581266135 1609.9480503828834
5394.131319760297 7420.94988007701
9949.770118121574 193.50954477826087
3740.231867410363 2295.5499196164787
4097.083144557832 7642.955435873648
7944.184470156221 9582.680447876091
5613.331931007801 9979.673640973335
1084.1738611272422 68.57821787983443
563.9093300635644 3894.892431878175
6677.63752329115 4518.034326680447
655.7434020059427 1429.4636526951322
3204.2453699944485 9040.148976864697
8516.138359418988 594.2725343367495
7576.301188196683 4790.405169367104
1111.2255473760524 2412.464466825267
5194.935903366165 4655.507985771213
1601.0536753952465 1983.3585144470412
1357.495294413934 7077.265410276054
2804.0128121591865 3437.39366698286
9515.496541621613 8216.574146727271
1531.4251929291013 2755.5237829822745
5775.815697076236 2418.282054089573
8514.220437366637 1642.9928299590435
7009.196994154103 5536.916583853491
6568.040288934478 8416.96843783015
4633.562806853169 6161.136192145748
9637.652746380427 5248.208960460773
1125.5590335354825 257.38864215433256
4304.50672783624 865.3911858324203
8070.790511264439 459.9388028974716
9846.864794152722 8563.731798517932
201.07672783042707 9418.645613926627
2841.6524086022364 1877.1070579952232
2522.8778749489834 3663.465774088207
3301.8481060547265 9116.896487063284
9006.453875690415 3261.87097985979
6334.586499177506 9835.427164053997
2112.2393977209185 5356.845312330572
2611.9649077807862 6286.374055763191
6082.89479408391 545.5025515483946
1882.6273210863876 9061.27866131249
7485.854706679559 8527.884838738313
4697.760041358556 3136.2457963107104
6183.740143730526 2897.7658818544714
1385.4077638628025 6988.477189573105
3510.3785782542473 5875.889260966993
1464.826975874034 5740.399301822474
7820.204120605265 2719.471486992354
9791.779915922842 8840.67658545741
4738.111823548552 769.7619628479935
937.622098480425 8806.469643680348
5077.670357789706 2843.546059732035
5288.539436488092 3444.76003872335
1452.2832135223496 1973.497928260336
5495.1724333892835 767.5821285846429
2041.435013997115 4510.499791724876
7750.649246511737 4062.227873898576
617.4219907737977 1645.050673883207
9071.519069060492 9015.264886978175
3006.59116861149 9376.170513673565
9978.027117756557 1209.0300644825224
4704.750720279417 9865.549877745696
4892.353170988585 8653.753826140466
8333.325992137357 6187.4168010908315
941.3555679528929 7152.901716310347
9699.348692253661 8338.107329745704
4778.472945583428 9501.268903333008
3089.090906284735 5256.570587508997
7617.188356267367 9253.6418887395
943.7509452093051 7927.758658089458
1442.197735116858 6908.963917916962
56.47230376701562 9774.816383714038
4900.3386624730265 7592.985746627663
348.27576362894905 9702.994638019321
724.1344588027965 2234.4735071307
8477.276642635836 9081.29300187686
7388.2138742748575 9491.372149403587
4933.86406691425 5599.9250494584985
6805.619242529069 2891.8930755975257
4383.794682515443 5067.333438046743
3494.891106224265 9599.04208232914
7870.1838006048165 414.50905234255987
5549.200075905174 2292.886586480808
6132.671356905037 6405.281240597067
3237.1783834381963 9557.066627610015
4129.145998771371 6166.207955841954
6684.849390509473 2116.3638409794385
8160.0881759096055 9607.519031887823
8637.327187806719 1476.826381039531
1771.9106323332267 7381.848144717152
8592.559472668378 5553.476252098452
1599.850609465301 6432.205387602603
4474.97674994635 4132.187798360251
9186.819526452828 4956.039061456362
537.4106855752581 5175.20431671543
8503.005103245494 8666.050371509082
8849.67250071069 6157.484434232227
1827.2009051969019 2639.535418759258
7381.416545185735 4865.432336873338
7888.017593927166 7165.935605644505
3736.948829857373 3961.83724164188
1116.4127120555556 8361.62603019766
3430.465906879909 6501.754326194218
3431.4976390981687 6198.84555640924
5170.877077139934 9382.43214411869
2837.9228598042205 2626.32426514394
8201.172591679146 619.3478454075097
8629.321164264158 4650.058303288228
6521.1938896009715 1916.1537028616992
7682.60204297819 3154.5493004154523
4446.306769970867 2093.325171634988
